06030001
00000104
00000154
000021D0
00000001
0001D000
0000002C
00000200
00000000
00000000
00400000
8400001F
0000000F
001007FF
02000000
00000081
00000018
0001D004
00000002
00000000
00000000
00000003
0001D200
00000F00
00000F00
00000000
0001D204
80010000
00000001
0001D020
0000002C
00001C00
00000000
00000000
00400000
810001BF
00000003
00000000
02000000
00000081
00000018
0001D024
00000000
00000000
00000000
00000000
0001D214
00010001
00000001
0001D040
0000002C
00000E00
00000000
00000000
00400000
8080001F
000000FF
0010000F
02000000
00000081
00000018
0001D044
00000001
00000000
00000000
00000000
0001D21C
00010002
00000001
0001D060
0000002C
00001C00
00000000
00000000
00400000
810001BF
00000003
00000000
02000000
00000081
00000018
0001D064
00000000
0001C000
00000000
00000000
0001D214
00010003
00000001
0001D080
0000002C
00000E00
00000000
00000000
00400000
8080001F
000000FF
0010000F
02000000
00000081
00000018
0001D084
00000001
00000000
00000000
00000000
0001D21C
00010004
00000001
0201D000
0000002C
00000200
00000000
00000000
00400000
8400001F
0000000F
001007FF
02000000
00000081
00000018
0201D004
00000002
00000010
00000000
00000003
0201D200
00000F00
00000F00
00000000
0201D204
80010000
00000001
0201D020
0000002C
00001C00
00000000
00000000
00400000
810001BF
00000003
00000000
02000000
00000081
00000018
0201D024
00000000
00007000
00000000
00000000
0201D214
00010001
00000001
0201D040
0000002C
00000E00
00000000
00000000
00400000
8080001F
000000FF
0010000F
02000000
00000081
00000018
0201D044
00000001
00000010
00000000
00000000
0201D21C
00010002
00000001
0201D060
0000002C
00001C00
00000000
00000000
00400000
810001BF
00000003
00000000
02000000
00000081
00000018
0201D064
00000000
00023000
00000000
00000000
0201D214
00010003
00000001
0201D080
0000002C
00000E00
00000000
00000000
00400000
8080001F
000000FF
0010000F
02000000
00000081
00000018
0201D084
00000001
00000010
00000000
00000000
0201D21C
00010004
00000001
0401D000
0000002C
00000200
00000000
00000000
00400000
8400001F
0000000F
001007FF
02000000
00000081
00000018
0401D004
00000002
00000020
00000000
00000003
0401D200
00000F00
00000F00
00000000
0401D204
80010000
00000001
0401D020
0000002C
00001C00
00000000
00000000
00400000
810001BF
00000003
00000000
02000000
00000081
00000018
0401D024
00000000
0000E000
00000000
00000000
0401D214
00010001
00000001
0401D040
0000002C
00000E00
00000000
00000000
00400000
8080001F
000000FF
0010000F
02000000
00000081
00000018
0401D044
00000001
00000020
00000000
00000000
0401D21C
00010002
00000001
0401D060
0000002C
00001C00
00000000
00000000
00400000
810001BF
00000003
00000000
02000000
00000081
00000018
0401D064
00000000
0002A000
00000000
00000000
0401D214
00010003
00000001
0401D080
0000002C
00000E00
00000000
00000000
00400000
8080001F
000000FF
0010000F
02000000
00000081
00000018
0401D084
00000001
00000020
00000000
00000000
0401D21C
00010004
00000001
0601D000
0000002C
00000200
00000000
00000000
00400000
8400001F
0000000F
001007FF
02000000
00000081
00000018
0601D004
00000002
00000030
00000000
00000003
0601D200
00000F00
00000F00
00000000
0601D204
80010000
00000001
0601D020
0000002C
00001C00
00000000
00000000
00400000
810001BF
00000003
00000000
02000000
00000081
00000018
0601D024
00000000
00015000
00000000
00000000
0601D214
00010001
00000001
0601D040
0000002C
00000E00
00000000
00000000
00400000
8080001F
000000FF
0010000F
02000000
00000081
00000018
0601D044
00000001
00000030
00000000
00000000
0601D21C
00010002
00000001
0601D060
0000002C
00001C00
00000000
00000000
00400000
810001BF
00000003
00000000
02000000
00000081
00000018
0601D064
00000000
00031000
00000000
00000000
0601D214
00010003
00000001
0601D080
0000002C
00000E00
00000000
00000000
00400000
8080001F
000000FF
0010000F
02000000
00000081
00000018
0601D084
00000001
00000030
00000000
00000000
0601D21C
00010004
00000001
0001D100
0000002C
00000200
00000000
00000000
00400000
8400001F
0000000F
001007FF
02000000
00000081
00000018
0001D104
00000002
00004000
00000000
00000003
0001D200
00000F00
00000F00
00000000
0001D204
80010008
00000001
0001D120
0000002C
00001C00
00000000
00000000
00400000
810001BF
00000003
00000000
02000000
00000081
00000018
0001D124
00000000
00038000
00000000
00000000
0001D214
00010009
00000001
0001D140
0000002C
00000E00
00000000
00000000
00400000
8080001F
000000FF
0010000F
02000000
00000081
00000018
0001D144
00000001
00000000
00000000
00000000
0001D21C
0001000A
00000001
0001D160
0000002C
00001C00
00000000
00000000
00400000
810001BF
00000003
00000000
02000000
00000081
00000018
0001D164
00000000
00054000
00000000
00000000
0001D214
0001000B
00000001
0001D180
0000002C
00000E00
00000000
00000000
00400000
8080001F
000000FF
0010000F
02000000
00000081
00000018
0001D184
00000001
00000000
00000000
00000000
0001D21C
0001000C
00000001
0201D100
0000002C
00000200
00000000
00000000
00400000
8400001F
0000000F
001007FF
02000000
00000081
00000018
0201D104
00000002
00004010
00000000
00000003
0201D200
00000F00
00000F00
00000000
0201D204
80010008
00000001
0201D120
0000002C
00001C00
00000000
00000000
00400000
810001BF
00000003
00000000
02000000
00000081
00000018
0201D124
00000000
0003F000
00000000
00000000
0201D214
00010009
00000001
0201D140
0000002C
00000E00
00000000
00000000
00400000
8080001F
000000FF
0010000F
02000000
00000081
00000018
0201D144
00000001
00000010
00000000
00000000
0201D21C
0001000A
00000001
0201D160
0000002C
00001C00
00000000
00000000
00400000
810001BF
00000003
00000000
02000000
00000081
00000018
0201D164
00000000
0005B000
00000000
00000000
0201D214
0001000B
00000001
0201D180
0000002C
00000E00
00000000
00000000
00400000
8080001F
000000FF
0010000F
02000000
00000081
00000018
0201D184
00000001
00000010
00000000
00000000
0201D21C
0001000C
00000001
0401D100
0000002C
00000200
00000000
00000000
00400000
8400001F
0000000F
001007FF
02000000
00000081
00000018
0401D104
00000002
00004020
00000000
00000003
0401D200
00000F00
00000F00
00000000
0401D204
80010008
00000001
0401D120
0000002C
00001C00
00000000
00000000
00400000
810001BF
00000003
00000000
02000000
00000081
00000018
0401D124
00000000
00046000
00000000
00000000
0401D214
00010009
00000001
0401D140
0000002C
00000E00
00000000
00000000
00400000
8080001F
000000FF
0010000F
02000000
00000081
00000018
0401D144
00000001
00000020
00000000
00000000
0401D21C
0001000A
00000001
0401D160
0000002C
00001C00
00000000
00000000
00400000
810001BF
00000003
00000000
02000000
00000081
00000018
0401D164
00000000
00062000
00000000
00000000
0401D214
0001000B
00000001
0401D180
0000002C
00000E00
00000000
00000000
00400000
8080001F
000000FF
0010000F
02000000
00000081
00000018
0401D184
00000001
00000020
00000000
00000000
0401D21C
0001000C
00000001
0601D100
0000002C
00000200
00000000
00000000
00400000
8400001F
0000000F
001007FF
02000000
00000081
00000018
0601D104
00000002
00004030
00000000
00000003
0601D200
00000F00
00000F00
00000000
0601D204
80010008
00000001
0601D120
0000002C
00001C00
00000000
00000000
00400000
810001BF
00000003
00000000
02000000
00000081
00000018
0601D124
00000000
0004D000
00000000
00000000
0601D214
00010009
00000001
0601D140
0000002C
00000E00
00000000
00000000
00400000
8080001F
000000FF
0010000F
02000000
00000081
00000018
0601D144
00000001
00000030
00000000
00000000
0601D21C
0001000A
00000001
0601D160
0000002C
00001C00
00000000
00000000
00400000
810001BF
00000003
00000000
02000000
00000081
00000018
0601D164
00000000
00069000
00000000
00000000
0601D214
0001000B
00000001
0601D180
0000002C
00000E00
00000000
00000000
00400000
8080001F
000000FF
0010000F
02000000
00000081
00000018
0601D184
00000001
00000030
00000000
00000000
0601D21C
0001000C
00000080
00000010
00000000
00010100
00000080
00000010
00010000
00010100
00000080
00000010
00020000
00010100
00000080
00000010
00030000
00010100
00000001
0001D000
0000002C
00000200
00000000
00000000
00400000
8400001F
0000000F
001007FF
02000000
00000081
00000018
0001D004
00000002
00008000
00000000
00000003
0001D200
00000F00
00000F00
00000000
0001D204
80010000
00000001
0001D020
0000002C
00001C00
00000000
00000000
00400000
810001BF
00000003
00000000
02000000
00000081
00000018
0001D024
00000000
00070000
00000000
00000000
0001D214
00010001
00000001
0001D040
0000002C
00000E00
00000000
00000000
00400000
8080001F
000000FF
0010000F
02000000
00000081
00000018
0001D044
00000001
00000000
00000000
00000000
0001D21C
00010002
00000001
0001D060
0000002C
00001C00
00000000
00000000
00400000
810001BF
00000003
00000000
02000000
00000081
00000018
0001D064
00000000
0008C000
00000000
00000000
0001D214
00010003
00000001
0001D080
0000002C
00000E00
00000000
00000000
00400000
8080001F
000000FF
0010000F
02000000
00000081
00000018
0001D084
00000001
00000000
00000000
00000000
0001D21C
00010004
00000001
0201D000
0000002C
00000200
00000000
00000000
00400000
8400001F
0000000F
001007FF
02000000
00000081
00000018
0201D004
00000002
00008010
00000000
00000003
0201D200
00000F00
00000F00
00000000
0201D204
80010000
00000001
0201D020
0000002C
00001C00
00000000
00000000
00400000
810001BF
00000003
00000000
02000000
00000081
00000018
0201D024
00000000
00077000
00000000
00000000
0201D214
00010001
00000001
0201D040
0000002C
00000E00
00000000
00000000
00400000
8080001F
000000FF
0010000F
02000000
00000081
00000018
0201D044
00000001
00000010
00000000
00000000
0201D21C
00010002
00000001
0201D060
0000002C
00001C00
00000000
00000000
00400000
810001BF
00000003
00000000
02000000
00000081
00000018
0201D064
00000000
00093000
00000000
00000000
0201D214
00010003
00000001
0201D080
0000002C
00000E00
00000000
00000000
00400000
8080001F
000000FF
0010000F
02000000
00000081
00000018
0201D084
00000001
00000010
00000000
00000000
0201D21C
00010004
00000001
0401D000
0000002C
00000200
00000000
00000000
00400000
8400001F
0000000F
001007FF
02000000
00000081
00000018
0401D004
00000002
00008020
00000000
00000003
0401D200
00000F00
00000F00
00000000
0401D204
80010000
00000001
0401D020
0000002C
00001C00
00000000
00000000
00400000
810001BF
00000003
00000000
02000000
00000081
00000018
0401D024
00000000
0007E000
00000000
00000000
0401D214
00010001
00000001
0401D040
0000002C
00000E00
00000000
00000000
00400000
8080001F
000000FF
0010000F
02000000
00000081
00000018
0401D044
00000001
00000020
00000000
00000000
0401D21C
00010002
00000001
0401D060
0000002C
00001C00
00000000
00000000
00400000
810001BF
00000003
00000000
02000000
00000081
00000018
0401D064
00000000
0009A000
00000000
00000000
0401D214
00010003
00000001
0401D080
0000002C
00000E00
00000000
00000000
00400000
8080001F
000000FF
0010000F
02000000
00000081
00000018
0401D084
00000001
00000020
00000000
00000000
0401D21C
00010004
00000001
0601D000
0000002C
00000200
00000000
00000000
00400000
8400001F
0000000F
001007FF
02000000
00000081
00000018
0601D004
00000002
00008030
00000000
00000003
0601D200
00000F00
00000F00
00000000
0601D204
80010000
00000001
0601D020
0000002C
00001C00
00000000
00000000
00400000
810001BF
00000003
00000000
02000000
00000081
00000018
0601D024
00000000
00085000
00000000
00000000
0601D214
00010001
00000001
0601D040
0000002C
00000E00
00000000
00000000
00400000
8080001F
000000FF
0010000F
02000000
00000081
00000018
0601D044
00000001
00000030
00000000
00000000
0601D21C
00010002
00000001
0601D060
0000002C
00001C00
00000000
00000000
00400000
810001BF
00000003
00000000
02000000
00000081
00000018
0601D064
00000000
000A1000
00000000
00000000
0601D214
00010003
00000001
0601D080
0000002C
00000E00
00000000
00000000
00400000
8080001F
000000FF
0010000F
02000000
00000081
00000018
0601D084
00000001
00000030
00000000
00000000
0601D21C
00010004
00000080
00000010
00000000
00010100
00000080
00000010
00010000
00010100
00000080
00000010
00020000
00010100
00000080
00000010
00030000
00010100
00000001
0001D100
0000002C
00000200
00000000
00000000
00400000
8400001F
0000000F
001007FF
02000000
00000081
00000018
0001D104
00000002
0000C000
00000000
00000003
0001D200
00000F00
00000F00
00000000
0001D204
80010008
00000001
0001D120
0000002C
00001C00
00000000
00000000
00400000
810001BF
00000003
00000000
02000000
00000081
00000018
0001D124
00000000
000A8000
00000000
00000000
0001D214
00010009
00000001
0001D140
0000002C
00000E00
00000000
00000000
00400000
8080001F
000000FF
0010000F
02000000
00000081
00000018
0001D144
00000001
00000000
00000000
00000000
0001D21C
0001000A
00000001
0001D160
0000002C
00001C00
00000000
00000000
00400000
810001BF
00000003
00000000
02000000
00000081
00000018
0001D164
00000000
000C4000
00000000
00000000
0001D214
0001000B
00000001
0001D180
0000002C
00000E00
00000000
00000000
00400000
8080001F
000000FF
0010000F
02000000
00000081
00000018
0001D184
00000001
00000000
00000000
00000000
0001D21C
0001000C
00000001
0201D100
0000002C
00000200
00000000
00000000
00400000
8400001F
0000000F
001007FF
02000000
00000081
00000018
0201D104
00000002
0000C010
00000000
00000003
0201D200
00000F00
00000F00
00000000
0201D204
80010008
00000001
0201D120
0000002C
00001C00
00000000
00000000
00400000
810001BF
00000003
00000000
02000000
00000081
00000018
0201D124
00000000
000AF000
00000000
00000000
0201D214
00010009
00000001
0201D140
0000002C
00000E00
00000000
00000000
00400000
8080001F
000000FF
0010000F
02000000
00000081
00000018
0201D144
00000001
00000010
00000000
00000000
0201D21C
0001000A
00000001
0201D160
0000002C
00001C00
00000000
00000000
00400000
810001BF
00000003
00000000
02000000
00000081
00000018
0201D164
00000000
000CB000
00000000
00000000
0201D214
0001000B
00000001
0201D180
0000002C
00000E00
00000000
00000000
00400000
8080001F
000000FF
0010000F
02000000
00000081
00000018
0201D184
00000001
00000010
00000000
00000000
0201D21C
0001000C
00000001
0401D100
0000002C
00000200
00000000
00000000
00400000
8400001F
0000000F
001007FF
02000000
00000081
00000018
0401D104
00000002
0000C020
00000000
00000003
0401D200
00000F00
00000F00
00000000
0401D204
80010008
00000001
0401D120
0000002C
00001C00
00000000
00000000
00400000
810001BF
00000003
00000000
02000000
00000081
00000018
0401D124
00000000
000B6000
00000000
00000000
0401D214
00010009
00000001
0401D140
0000002C
00000E00
00000000
00000000
00400000
8080001F
000000FF
0010000F
02000000
00000081
00000018
0401D144
00000001
00000020
00000000
00000000
0401D21C
0001000A
00000001
0401D160
0000002C
00001C00
00000000
00000000
00400000
810001BF
00000003
00000000
02000000
00000081
00000018
0401D164
00000000
000D2000
00000000
00000000
0401D214
0001000B
00000001
0401D180
0000002C
00000E00
00000000
00000000
00400000
8080001F
000000FF
0010000F
02000000
00000081
00000018
0401D184
00000001
00000020
00000000
00000000
0401D21C
0001000C
00000001
0601D100
0000002C
00000200
00000000
00000000
00400000
8400001F
0000000F
001007FF
02000000
00000081
00000018
0601D104
00000002
0000C030
00000000
00000003
0601D200
00000F00
00000F00
00000000
0601D204
80010008
00000001
0601D120
0000002C
00001C00
00000000
00000000
00400000
810001BF
00000003
00000000
02000000
00000081
00000018
0601D124
00000000
000BD000
00000000
00000000
0601D214
00010009
00000001
0601D140
0000002C
00000E00
00000000
00000000
00400000
8080001F
000000FF
0010000F
02000000
00000081
00000018
0601D144
00000001
00000030
00000000
00000000
0601D21C
0001000A
00000001
0601D160
0000002C
00001C00
00000000
00000000
00400000
810001BF
00000003
00000000
02000000
00000081
00000018
0601D164
00000000
000D9000
00000000
00000000
0601D214
0001000B
00000001
0601D180
0000002C
00000E00
00000000
00000000
00400000
8080001F
000000FF
0010000F
02000000
00000081
00000018
0601D184
00000001
00000030
00000000
00000000
0601D21C
0001000C
00000080
00000010
00000000
00010100
00000080
00000010
00010000
00010100
00000080
00000010
00020000
00010100
00000080
00000010
00030000
00010100
00000001
0001D000
0000002C
00000200
00000000
00000000
00400000
8400001F
0000000F
001007FF
02000000
00000081
00000018
0001D004
00000002
00010000
00000000
00000003
0001D200
00000F00
00000F00
00000000
0001D204
80010000
00000001
0001D020
0000002C
00001C00
00000000
00000000
00400000
810001BF
00000003
00000000
02000000
00000081
00000018
0001D024
00000000
000E0000
00000000
00000000
0001D214
00010001
00000001
0001D040
0000002C
00000E00
00000000
00000000
00400000
8080001F
000000FF
0010000F
02000000
00000081
00000018
0001D044
00000001
00000000
00000000
00000000
0001D21C
00010002
00000001
0001D060
0000002C
00001C00
00000000
00000000
00400000
810001BF
00000003
00000000
02000000
00000081
00000018
0001D064
00000000
000FC000
00000000
00000000
0001D214
00010003
00000001
0001D080
0000002C
00000E00
00000000
00000000
00400000
8080001F
000000FF
0010000F
02000000
00000081
00000018
0001D084
00000001
00000000
00000000
00000000
0001D21C
00010004
00000001
0201D000
0000002C
00000200
00000000
00000000
00400000
8400001F
0000000F
001007FF
02000000
00000081
00000018
0201D004
00000002
00010010
00000000
00000003
0201D200
00000F00
00000F00
00000000
0201D204
80010000
00000001
0201D020
0000002C
00001C00
00000000
00000000
00400000
810001BF
00000003
00000000
02000000
00000081
00000018
0201D024
00000000
000E7000
00000000
00000000
0201D214
00010001
00000001
0201D040
0000002C
00000E00
00000000
00000000
00400000
8080001F
000000FF
0010000F
02000000
00000081
00000018
0201D044
00000001
00000010
00000000
00000000
0201D21C
00010002
00000001
0201D060
0000002C
00001C00
00000000
00000000
00400000
810001BF
00000003
00000000
02000000
00000081
00000018
0201D064
00000000
00103000
00000000
00000000
0201D214
00010003
00000001
0201D080
0000002C
00000E00
00000000
00000000
00400000
8080001F
000000FF
0010000F
02000000
00000081
00000018
0201D084
00000001
00000010
00000000
00000000
0201D21C
00010004
00000001
0401D000
0000002C
00000200
00000000
00000000
00400000
8400001F
0000000F
001007FF
02000000
00000081
00000018
0401D004
00000002
00010020
00000000
00000003
0401D200
00000F00
00000F00
00000000
0401D204
80010000
00000001
0401D020
0000002C
00001C00
00000000
00000000
00400000
810001BF
00000003
00000000
02000000
00000081
00000018
0401D024
00000000
000EE000
00000000
00000000
0401D214
00010001
00000001
0401D040
0000002C
00000E00
00000000
00000000
00400000
8080001F
000000FF
0010000F
02000000
00000081
00000018
0401D044
00000001
00000020
00000000
00000000
0401D21C
00010002
00000001
0401D060
0000002C
00001C00
00000000
00000000
00400000
810001BF
00000003
00000000
02000000
00000081
00000018
0401D064
00000000
0010A000
00000000
00000000
0401D214
00010003
00000001
0401D080
0000002C
00000E00
00000000
00000000
00400000
8080001F
000000FF
0010000F
02000000
00000081
00000018
0401D084
00000001
00000020
00000000
00000000
0401D21C
00010004
00000001
0601D000
0000002C
00000200
00000000
00000000
00400000
8400001F
0000000F
001007FF
02000000
00000081
00000018
0601D004
00000002
00010030
00000000
00000003
0601D200
00000F00
00000F00
00000000
0601D204
80010000
00000001
0601D020
0000002C
00001C00
00000000
00000000
00400000
810001BF
00000003
00000000
02000000
00000081
00000018
0601D024
00000000
000F5000
00000000
00000000
0601D214
00010001
00000001
0601D040
0000002C
00000E00
00000000
00000000
00400000
8080001F
000000FF
0010000F
02000000
00000081
00000018
0601D044
00000001
00000030
00000000
00000000
0601D21C
00010002
00000001
0601D060
0000002C
00001C00
00000000
00000000
00400000
810001BF
00000003
00000000
02000000
00000081
00000018
0601D064
00000000
00111000
00000000
00000000
0601D214
00010003
00000001
0601D080
0000002C
00000E00
00000000
00000000
00400000
8080001F
000000FF
0010000F
02000000
00000081
00000018
0601D084
00000001
00000030
00000000
00000000
0601D21C
00010004
00000080
00000010
00000000
00010100
00000080
00000010
00010000
00010100
00000080
00000010
00020000
00010100
00000080
00000010
00030000
00010100
00000080
00000010
00000000
00010100
00000080
00000010
00010000
00010100
00000080
00000010
00020000
00010100
00000080
00000010
00030000
00010100
