06030001
00000104
00000118
00001B90
00000001
0001D000
0000002C
00000200
00000000
00000000
00400000
88000007
00000000
001003FF
02000000
00000081
00000018
0001D004
00000003
00000000
00000000
00000003
0001D200
00000F00
00000F00
00000000
0001D204
80010000
00000001
0001D020
0000002C
0000A000
00000000
00000000
01000000
8400027F
0000000F
00000000
02000000
00000081
00000018
0001D024
00000000
00000000
00000000
00000000
0001D214
00000001
00000001
0001D0A0
0000002C
00001400
00000000
00000000
00400000
82000007
000000FF
00000000
02000000
00000081
00000018
0001D0A4
00000002
00000000
00000000
00000000
0001D21C
00000005
00000001
0001D060
0000002C
0000A000
00000000
00000000
01000000
8400027F
0000000F
00000000
02000000
00000081
00000018
0001D064
00000000
00050000
00000000
00000000
0001D214
00000003
00000001
0001D0E0
0000002C
00001400
00000000
00000000
00400000
82000007
000000FF
00000000
02000000
00000081
00000018
0001D0E4
00000002
00000000
00000000
00000000
0001D21C
00000007
00000001
0201D000
0000002C
00000200
00000000
00000000
00400000
88000007
00000000
001003FF
02000000
00000081
00000018
0201D004
00000003
00000010
00000000
00000003
0201D200
00000F00
00000F00
00000000
0201D204
80010000
00000001
0201D020
0000002C
0000A000
00000000
00000000
01000000
8400027F
0000000F
00000000
02000000
00000081
00000018
0201D024
00000000
00028000
00000000
00000000
0201D214
00000001
00000001
0201D0A0
0000002C
00001400
00000000
00000000
00400000
82000007
000000FF
00000000
02000000
00000081
00000018
0201D0A4
00000002
00000010
00000000
00000000
0201D21C
00000005
00000001
0201D060
0000002C
0000A000
00000000
00000000
01000000
8400027F
0000000F
00000000
02000000
00000081
00000018
0201D064
00000000
00078000
00000000
00000000
0201D214
00000003
00000001
0201D0E0
0000002C
00001400
00000000
00000000
00400000
82000007
000000FF
00000000
02000000
00000081
00000018
0201D0E4
00000002
00000010
00000000
00000000
0201D21C
00000007
00000001
0401D000
0000002C
00000200
00000000
00000000
00400000
88000007
00000000
001003FF
02000000
00000081
00000018
0401D004
00000004
00000000
00000000
00000003
0401D200
00000F00
00000F00
00000000
0401D204
80010000
00000001
0401D060
0000002C
0000A000
00000000
00000000
01000000
8400027F
0000000F
00000000
02000000
00000081
00000018
0401D064
00000001
00000000
00000000
00000000
0401D214
00000003
00000001
0401D0A0
0000002C
0000A000
00000000
00000000
01000000
8400027F
0000000F
00000000
02000000
00000081
00000018
0401D0A4
00000001
00050000
00000000
00000000
0401D214
00000005
00000001
0601D000
0000002C
00000200
00000000
00000000
00400000
88000007
00000000
001003FF
02000000
00000081
00000018
0601D004
00000004
00000010
00000000
00000003
0601D200
00000F00
00000F00
00000000
0601D204
80010000
00000001
0601D060
0000002C
0000A000
00000000
00000000
01000000
8400027F
0000000F
00000000
02000000
00000081
00000018
0601D064
00000001
00028000
00000000
00000000
0601D214
00000003
00000001
0601D0A0
0000002C
0000A000
00000000
00000000
01000000
8400027F
0000000F
00000000
02000000
00000081
00000018
0601D0A4
00000001
00078000
00000000
00000000
0601D214
00000005
00000001
0001D100
0000002C
00000200
00000000
00000000
00400000
88000007
00000000
001003FF
02000000
00000081
00000018
0001D104
00000003
00002000
00000000
00000003
0001D200
00000F00
00000F00
00000000
0001D204
80010008
00000001
0001D120
0000002C
0000A000
00000000
00000000
01000000
8400027F
0000000F
00000000
02000000
00000081
00000018
0001D124
00000000
000A0000
00000000
00000000
0001D214
00000009
00000001
0001D1A0
0000002C
00001400
00000000
00000000
00400000
82000007
000000FF
00000000
02000000
00000081
00000018
0001D1A4
00000002
00000000
00000000
00000000
0001D21C
0000000D
00000001
0001D160
0000002C
0000A000
00000000
00000000
01000000
8400027F
0000000F
00000000
02000000
00000081
00000018
0001D164
00000000
000F0000
00000000
00000000
0001D214
0000000B
00000001
0001D1E0
0000002C
00001400
00000000
00000000
00400000
82000007
000000FF
00000000
02000000
00000081
00000018
0001D1E4
00000002
00000000
00000000
00000000
0001D21C
0000000F
00000001
0201D100
0000002C
00000200
00000000
00000000
00400000
88000007
00000000
001003FF
02000000
00000081
00000018
0201D104
00000003
00002010
00000000
00000003
0201D200
00000F00
00000F00
00000000
0201D204
80010008
00000001
0201D120
0000002C
0000A000
00000000
00000000
01000000
8400027F
0000000F
00000000
02000000
00000081
00000018
0201D124
00000000
000C8000
00000000
00000000
0201D214
00000009
00000001
0201D1A0
0000002C
00001400
00000000
00000000
00400000
82000007
000000FF
00000000
02000000
00000081
00000018
0201D1A4
00000002
00000010
00000000
00000000
0201D21C
0000000D
00000001
0201D160
0000002C
0000A000
00000000
00000000
01000000
8400027F
0000000F
00000000
02000000
00000081
00000018
0201D164
00000000
00118000
00000000
00000000
0201D214
0000000B
00000001
0201D1E0
0000002C
00001400
00000000
00000000
00400000
82000007
000000FF
00000000
02000000
00000081
00000018
0201D1E4
00000002
00000010
00000000
00000000
0201D21C
0000000F
00000001
0401D100
0000002C
00000200
00000000
00000000
00400000
88000007
00000000
001003FF
02000000
00000081
00000018
0401D104
00000004
00002000
00000000
00000003
0401D200
00000F00
00000F00
00000000
0401D204
80010008
00000001
0401D160
0000002C
0000A000
00000000
00000000
01000000
8400027F
0000000F
00000000
02000000
00000081
00000018
0401D164
00000001
000A0000
00000000
00000000
0401D214
0000000B
00000001
0401D1A0
0000002C
0000A000
00000000
00000000
01000000
8400027F
0000000F
00000000
02000000
00000081
00000018
0401D1A4
00000001
000F0000
00000000
00000000
0401D214
0000000D
00000001
0601D100
0000002C
00000200
00000000
00000000
00400000
88000007
00000000
001003FF
02000000
00000081
00000018
0601D104
00000004
00002010
00000000
00000003
0601D200
00000F00
00000F00
00000000
0601D204
80010008
00000001
0601D160
0000002C
0000A000
00000000
00000000
01000000
8400027F
0000000F
00000000
02000000
00000081
00000018
0601D164
00000001
000C8000
00000000
00000000
0601D214
0000000B
00000001
0601D1A0
0000002C
0000A000
00000000
00000000
01000000
8400027F
0000000F
00000000
02000000
00000081
00000018
0601D1A4
00000001
00118000
00000000
00000000
0601D214
0000000D
00000080
00000010
00020000
00010100
00000080
00000010
00030000
00010100
00000080
00000010
00000000
00010100
00000080
00000010
00010000
00010100
00000001
0001D000
0000002C
00000200
00000000
00000000
00400000
88000007
00000000
001003FF
02000000
00000081
00000018
0001D004
00000003
00004000
00000000
00000003
0001D200
00000F00
00000F00
00000000
0001D204
80010000
00000001
0001D020
0000002C
0000A000
00000000
00000000
01000000
8400027F
0000000F
00000000
02000000
00000081
00000018
0001D024
00000000
00140000
00000000
00000000
0001D214
00000001
00000001
0001D0A0
0000002C
00001400
00000000
00000000
00400000
82000007
000000FF
00000000
02000000
00000081
00000018
0001D0A4
00000002
00000000
00000000
00000000
0001D21C
00000005
00000001
0001D060
0000002C
0000A000
00000000
00000000
01000000
8400027F
0000000F
00000000
02000000
00000081
00000018
0001D064
00000000
00190000
00000000
00000000
0001D214
00000003
00000001
0001D0E0
0000002C
00001400
00000000
00000000
00400000
82000007
000000FF
00000000
02000000
00000081
00000018
0001D0E4
00000002
00000000
00000000
00000000
0001D21C
00000007
00000001
0201D000
0000002C
00000200
00000000
00000000
00400000
88000007
00000000
001003FF
02000000
00000081
00000018
0201D004
00000003
00004010
00000000
00000003
0201D200
00000F00
00000F00
00000000
0201D204
80010000
00000001
0201D020
0000002C
0000A000
00000000
00000000
01000000
8400027F
0000000F
00000000
02000000
00000081
00000018
0201D024
00000000
00168000
00000000
00000000
0201D214
00000001
00000001
0201D0A0
0000002C
00001400
00000000
00000000
00400000
82000007
000000FF
00000000
02000000
00000081
00000018
0201D0A4
00000002
00000010
00000000
00000000
0201D21C
00000005
00000001
0201D060
0000002C
0000A000
00000000
00000000
01000000
8400027F
0000000F
00000000
02000000
00000081
00000018
0201D064
00000000
001B8000
00000000
00000000
0201D214
00000003
00000001
0201D0E0
0000002C
00001400
00000000
00000000
00400000
82000007
000000FF
00000000
02000000
00000081
00000018
0201D0E4
00000002
00000010
00000000
00000000
0201D21C
00000007
00000001
0401D000
0000002C
00000200
00000000
00000000
00400000
88000007
00000000
001003FF
02000000
00000081
00000018
0401D004
00000004
00004000
00000000
00000003
0401D200
00000F00
00000F00
00000000
0401D204
80010000
00000001
0401D060
0000002C
0000A000
00000000
00000000
01000000
8400027F
0000000F
00000000
02000000
00000081
00000018
0401D064
00000001
00140000
00000000
00000000
0401D214
00000003
00000001
0401D0A0
0000002C
0000A000
00000000
00000000
01000000
8400027F
0000000F
00000000
02000000
00000081
00000018
0401D0A4
00000001
00190000
00000000
00000000
0401D214
00000005
00000001
0601D000
0000002C
00000200
00000000
00000000
00400000
88000007
00000000
001003FF
02000000
00000081
00000018
0601D004
00000004
00004010
00000000
00000003
0601D200
00000F00
00000F00
00000000
0601D204
80010000
00000001
0601D060
0000002C
0000A000
00000000
00000000
01000000
8400027F
0000000F
00000000
02000000
00000081
00000018
0601D064
00000001
00168000
00000000
00000000
0601D214
00000003
00000001
0601D0A0
0000002C
0000A000
00000000
00000000
01000000
8400027F
0000000F
00000000
02000000
00000081
00000018
0601D0A4
00000001
001B8000
00000000
00000000
0601D214
00000005
00000080
00000010
00020000
00010100
00000080
00000010
00030000
00010100
00000080
00000010
00000000
00010100
00000080
00000010
00010000
00010100
00000001
0001D100
0000002C
00000200
00000000
00000000
00400000
88000007
00000000
001003FF
02000000
00000081
00000018
0001D104
00000003
00006000
00000000
00000003
0001D200
00000F00
00000F00
00000000
0001D204
80010008
00000001
0001D120
0000002C
0000A000
00000000
00000000
01000000
8400027F
0000000F
00000000
02000000
00000081
00000018
0001D124
00000000
001E0000
00000000
00000000
0001D214
00000009
00000001
0001D1A0
0000002C
00001400
00000000
00000000
00400000
82000007
000000FF
00000000
02000000
00000081
00000018
0001D1A4
00000002
00000000
00000000
00000000
0001D21C
0000000D
00000001
0001D160
0000002C
0000A000
00000000
00000000
01000000
8400027F
0000000F
00000000
02000000
00000081
00000018
0001D164
00000000
00230000
00000000
00000000
0001D214
0000000B
00000001
0001D1E0
0000002C
00001400
00000000
00000000
00400000
82000007
000000FF
00000000
02000000
00000081
00000018
0001D1E4
00000002
00000000
00000000
00000000
0001D21C
0000000F
00000001
0201D100
0000002C
00000200
00000000
00000000
00400000
88000007
00000000
001003FF
02000000
00000081
00000018
0201D104
00000003
00006010
00000000
00000003
0201D200
00000F00
00000F00
00000000
0201D204
80010008
00000001
0201D120
0000002C
0000A000
00000000
00000000
01000000
8400027F
0000000F
00000000
02000000
00000081
00000018
0201D124
00000000
00208000
00000000
00000000
0201D214
00000009
00000001
0201D1A0
0000002C
00001400
00000000
00000000
00400000
82000007
000000FF
00000000
02000000
00000081
00000018
0201D1A4
00000002
00000010
00000000
00000000
0201D21C
0000000D
00000001
0201D160
0000002C
0000A000
00000000
00000000
01000000
8400027F
0000000F
00000000
02000000
00000081
00000018
0201D164
00000000
00258000
00000000
00000000
0201D214
0000000B
00000001
0201D1E0
0000002C
00001400
00000000
00000000
00400000
82000007
000000FF
00000000
02000000
00000081
00000018
0201D1E4
00000002
00000010
00000000
00000000
0201D21C
0000000F
00000001
0401D100
0000002C
00000200
00000000
00000000
00400000
88000007
00000000
001003FF
02000000
00000081
00000018
0401D104
00000004
00006000
00000000
00000003
0401D200
00000F00
00000F00
00000000
0401D204
80010008
00000001
0401D160
0000002C
0000A000
00000000
00000000
01000000
8400027F
0000000F
00000000
02000000
00000081
00000018
0401D164
00000001
001E0000
00000000
00000000
0401D214
0000000B
00000001
0401D1A0
0000002C
0000A000
00000000
00000000
01000000
8400027F
0000000F
00000000
02000000
00000081
00000018
0401D1A4
00000001
00230000
00000000
00000000
0401D214
0000000D
00000001
0601D100
0000002C
00000200
00000000
00000000
00400000
88000007
00000000
001003FF
02000000
00000081
00000018
0601D104
00000004
00006010
00000000
00000003
0601D200
00000F00
00000F00
00000000
0601D204
80010008
00000001
0601D160
0000002C
0000A000
00000000
00000000
01000000
8400027F
0000000F
00000000
02000000
00000081
00000018
0601D164
00000001
00208000
00000000
00000000
0601D214
0000000B
00000001
0601D1A0
0000002C
0000A000
00000000
00000000
01000000
8400027F
0000000F
00000000
02000000
00000081
00000018
0601D1A4
00000001
00258000
00000000
00000000
0601D214
0000000D
00000080
00000010
00020000
00010100
00000080
00000010
00030000
00010100
00000080
00000010
00000000
00010100
00000080
00000010
00010000
00010100
00000001
0001D000
0000002C
00000200
00000000
00000000
00400000
88000007
00000000
001003FF
02000000
00000081
00000018
0001D004
00000003
00008000
00000000
00000003
0001D200
00000F00
00000F00
00000000
0001D204
80010000
00000001
0001D020
0000002C
0000A000
00000000
00000000
01000000
8400027F
0000000F
00000000
02000000
00000081
00000018
0001D024
00000000
00280000
00000000
00000000
0001D214
00000001
00000001
0001D0A0
0000002C
00001400
00000000
00000000
00400000
82000007
000000FF
00000000
02000000
00000081
00000018
0001D0A4
00000002
00000000
00000000
00000000
0001D21C
00000005
00000001
0001D060
0000002C
0000A000
00000000
00000000
01000000
8400027F
0000000F
00000000
02000000
00000081
00000018
0001D064
00000000
002D0000
00000000
00000000
0001D214
00000003
00000001
0001D0E0
0000002C
00001400
00000000
00000000
00400000
82000007
000000FF
00000000
02000000
00000081
00000018
0001D0E4
00000002
00000000
00000000
00000000
0001D21C
00000007
00000001
0201D000
0000002C
00000200
00000000
00000000
00400000
88000007
00000000
001003FF
02000000
00000081
00000018
0201D004
00000003
00008010
00000000
00000003
0201D200
00000F00
00000F00
00000000
0201D204
80010000
00000001
0201D020
0000002C
0000A000
00000000
00000000
01000000
8400027F
0000000F
00000000
02000000
00000081
00000018
0201D024
00000000
002A8000
00000000
00000000
0201D214
00000001
00000001
0201D0A0
0000002C
00001400
00000000
00000000
00400000
82000007
000000FF
00000000
02000000
00000081
00000018
0201D0A4
00000002
00000010
00000000
00000000
0201D21C
00000005
00000001
0201D060
0000002C
0000A000
00000000
00000000
01000000
8400027F
0000000F
00000000
02000000
00000081
00000018
0201D064
00000000
002F8000
00000000
00000000
0201D214
00000003
00000001
0201D0E0
0000002C
00001400
00000000
00000000
00400000
82000007
000000FF
00000000
02000000
00000081
00000018
0201D0E4
00000002
00000010
00000000
00000000
0201D21C
00000007
00000001
0401D000
0000002C
00000200
00000000
00000000
00400000
88000007
00000000
001003FF
02000000
00000081
00000018
0401D004
00000004
00008000
00000000
00000003
0401D200
00000F00
00000F00
00000000
0401D204
80010000
00000001
0401D060
0000002C
0000A000
00000000
00000000
01000000
8400027F
0000000F
00000000
02000000
00000081
00000018
0401D064
00000001
00280000
00000000
00000000
0401D214
00000003
00000001
0401D0A0
0000002C
0000A000
00000000
00000000
01000000
8400027F
0000000F
00000000
02000000
00000081
00000018
0401D0A4
00000001
002D0000
00000000
00000000
0401D214
00000005
00000001
0601D000
0000002C
00000200
00000000
00000000
00400000
88000007
00000000
001003FF
02000000
00000081
00000018
0601D004
00000004
00008010
00000000
00000003
0601D200
00000F00
00000F00
00000000
0601D204
80010000
00000001
0601D060
0000002C
0000A000
00000000
00000000
01000000
8400027F
0000000F
00000000
02000000
00000081
00000018
0601D064
00000001
002A8000
00000000
00000000
0601D214
00000003
00000001
0601D0A0
0000002C
0000A000
00000000
00000000
01000000
8400027F
0000000F
00000000
02000000
00000081
00000018
0601D0A4
00000001
002F8000
00000000
00000000
0601D214
00000005
00000080
00000010
00020000
00010100
00000080
00000010
00030000
00010100
00000080
00000010
00000000
00010100
00000080
00000010
00010000
00010100
00000080
00000010
00000000
00010100
00000080
00000010
00010000
00010100
00000080
00000010
00020000
00010100
00000080
00000010
00030000
00010100
