06030001
00000104
00000118
00001B90
00000001
0001D000
0000002C
00000100
00000000
00000000
00800000
8200000F
00000000
001001FF
02000000
00000081
00000018
0001D004
00000003
00000000
00000000
00000003
0001D200
00000F00
00000F00
00000000
0001D204
80010000
00000001
0001D020
0000002C
00000100
00000000
00000000
00400000
8100000F
00000003
00000000
02000000
00000081
00000018
0001D024
00000000
00000000
00000000
00000000
0001D214
00000001
00000001
0001D040
0000002C
00000080
00000000
00000000
00400000
80800007
0000003F
00000000
02000000
00000081
00000018
0001D044
00000002
00000000
00000000
00000000
0001D21C
00000002
00000001
0001D060
0000002C
00000100
00000000
00000000
00400000
8100000F
00000003
00000000
02000000
00000081
00000018
0001D064
00000000
00000800
00000000
00000000
0001D214
00000003
00000001
0001D080
0000002C
00000080
00000000
00000000
00400000
80800007
0000003F
00000000
02000000
00000081
00000018
0001D084
00000002
00000000
00000000
00000000
0001D21C
00000004
00000001
0201D000
0000002C
00000100
00000000
00000000
00800000
8200000F
00000000
001001FF
02000000
00000081
00000018
0201D004
00000003
00000020
00000000
00000003
0201D200
00000F00
00000F00
00000000
0201D204
80010000
00000001
0201D020
0000002C
00000100
00000000
00000000
00400000
8100000F
00000003
00000000
02000000
00000081
00000018
0201D024
00000000
00000400
00000000
00000000
0201D214
00000001
00000001
0201D040
0000002C
00000080
00000000
00000000
00400000
80800007
0000003F
00000000
02000000
00000081
00000018
0201D044
00000002
00000010
00000000
00000000
0201D21C
00000002
00000001
0201D060
0000002C
00000100
00000000
00000000
00400000
8100000F
00000003
00000000
02000000
00000081
00000018
0201D064
00000000
00000C00
00000000
00000000
0201D214
00000003
00000001
0201D080
0000002C
00000080
00000000
00000000
00400000
80800007
0000003F
00000000
02000000
00000081
00000018
0201D084
00000002
00000010
00000000
00000000
0201D21C
00000004
00000001
0401D000
0000002C
00000100
00000000
00000000
00800000
8200000F
00000000
001001FF
02000000
00000081
00000018
0401D004
00000004
00000000
00000000
00000003
0401D200
00000F00
00000F00
00000000
0401D204
80010000
00000001
0401D020
0000002C
00000100
00000000
00000000
00400000
8100000F
00000003
00000000
02000000
00000081
00000018
0401D024
00000001
00000000
00000000
00000000
0401D214
00000001
00000001
0401D060
0000002C
00000100
00000000
00000000
00400000
8100000F
00000003
00000000
02000000
00000081
00000018
0401D064
00000001
00000800
00000000
00000000
0401D214
00000003
00000001
0601D000
0000002C
00000100
00000000
00000000
00800000
8200000F
00000000
001001FF
02000000
00000081
00000018
0601D004
00000004
00000020
00000000
00000003
0601D200
00000F00
00000F00
00000000
0601D204
80010000
00000001
0601D020
0000002C
00000100
00000000
00000000
00400000
8100000F
00000003
00000000
02000000
00000081
00000018
0601D024
00000001
00000400
00000000
00000000
0601D214
00000001
00000001
0601D060
0000002C
00000100
00000000
00000000
00400000
8100000F
00000003
00000000
02000000
00000081
00000018
0601D064
00000001
00000C00
00000000
00000000
0601D214
00000003
00000001
0001D100
0000002C
00000100
00000000
00000000
00800000
8200000F
00000000
001001FF
02000000
00000081
00000018
0001D104
00000003
00001000
00000000
00000003
0001D200
00000F00
00000F00
00000000
0001D204
80010008
00000001
0001D120
0000002C
00000100
00000000
00000000
00400000
8100000F
00000003
00000000
02000000
00000081
00000018
0001D124
00000000
00001000
00000000
00000000
0001D214
00000009
00000001
0001D140
0000002C
00000080
00000000
00000000
00400000
80800007
0000003F
00000000
02000000
00000081
00000018
0001D144
00000002
00000000
00000000
00000000
0001D21C
0000000A
00000001
0001D160
0000002C
00000100
00000000
00000000
00400000
8100000F
00000003
00000000
02000000
00000081
00000018
0001D164
00000000
00001800
00000000
00000000
0001D214
0000000B
00000001
0001D180
0000002C
00000080
00000000
00000000
00400000
80800007
0000003F
00000000
02000000
00000081
00000018
0001D184
00000002
00000000
00000000
00000000
0001D21C
0000000C
00000001
0201D100
0000002C
00000100
00000000
00000000
00800000
8200000F
00000000
001001FF
02000000
00000081
00000018
0201D104
00000003
00001020
00000000
00000003
0201D200
00000F00
00000F00
00000000
0201D204
80010008
00000001
0201D120
0000002C
00000100
00000000
00000000
00400000
8100000F
00000003
00000000
02000000
00000081
00000018
0201D124
00000000
00001400
00000000
00000000
0201D214
00000009
00000001
0201D140
0000002C
00000080
00000000
00000000
00400000
80800007
0000003F
00000000
02000000
00000081
00000018
0201D144
00000002
00000010
00000000
00000000
0201D21C
0000000A
00000001
0201D160
0000002C
00000100
00000000
00000000
00400000
8100000F
00000003
00000000
02000000
00000081
00000018
0201D164
00000000
00001C00
00000000
00000000
0201D214
0000000B
00000001
0201D180
0000002C
00000080
00000000
00000000
00400000
80800007
0000003F
00000000
02000000
00000081
00000018
0201D184
00000002
00000010
00000000
00000000
0201D21C
0000000C
00000001
0401D100
0000002C
00000100
00000000
00000000
00800000
8200000F
00000000
001001FF
02000000
00000081
00000018
0401D104
00000004
00001000
00000000
00000003
0401D200
00000F00
00000F00
00000000
0401D204
80010008
00000001
0401D120
0000002C
00000100
00000000
00000000
00400000
8100000F
00000003
00000000
02000000
00000081
00000018
0401D124
00000001
00001000
00000000
00000000
0401D214
00000009
00000001
0401D160
0000002C
00000100
00000000
00000000
00400000
8100000F
00000003
00000000
02000000
00000081
00000018
0401D164
00000001
00001800
00000000
00000000
0401D214
0000000B
00000001
0601D100
0000002C
00000100
00000000
00000000
00800000
8200000F
00000000
001001FF
02000000
00000081
00000018
0601D104
00000004
00001020
00000000
00000003
0601D200
00000F00
00000F00
00000000
0601D204
80010008
00000001
0601D120
0000002C
00000100
00000000
00000000
00400000
8100000F
00000003
00000000
02000000
00000081
00000018
0601D124
00000001
00001400
00000000
00000000
0601D214
00000009
00000001
0601D160
0000002C
00000100
00000000
00000000
00400000
8100000F
00000003
00000000
02000000
00000081
00000018
0601D164
00000001
00001C00
00000000
00000000
0601D214
0000000B
00000080
00000010
00000000
00010100
00000080
00000010
00010000
00010100
00000080
00000010
00020000
00010100
00000080
00000010
00030000
00010100
00000001
0001D000
0000002C
00000100
00000000
00000000
00800000
8200000F
00000000
001001FF
02000000
00000081
00000018
0001D004
00000003
00002000
00000000
00000003
0001D200
00000F00
00000F00
00000000
0001D204
80010000
00000001
0001D020
0000002C
00000100
00000000
00000000
00400000
8100000F
00000003
00000000
02000000
00000081
00000018
0001D024
00000000
00002000
00000000
00000000
0001D214
00000001
00000001
0001D040
0000002C
00000080
00000000
00000000
00400000
80800007
0000003F
00000000
02000000
00000081
00000018
0001D044
00000002
00000000
00000000
00000000
0001D21C
00000002
00000001
0001D060
0000002C
00000100
00000000
00000000
00400000
8100000F
00000003
00000000
02000000
00000081
00000018
0001D064
00000000
00002800
00000000
00000000
0001D214
00000003
00000001
0001D080
0000002C
00000080
00000000
00000000
00400000
80800007
0000003F
00000000
02000000
00000081
00000018
0001D084
00000002
00000000
00000000
00000000
0001D21C
00000004
00000001
0201D000
0000002C
00000100
00000000
00000000
00800000
8200000F
00000000
001001FF
02000000
00000081
00000018
0201D004
00000003
00002020
00000000
00000003
0201D200
00000F00
00000F00
00000000
0201D204
80010000
00000001
0201D020
0000002C
00000100
00000000
00000000
00400000
8100000F
00000003
00000000
02000000
00000081
00000018
0201D024
00000000
00002400
00000000
00000000
0201D214
00000001
00000001
0201D040
0000002C
00000080
00000000
00000000
00400000
80800007
0000003F
00000000
02000000
00000081
00000018
0201D044
00000002
00000010
00000000
00000000
0201D21C
00000002
00000001
0201D060
0000002C
00000100
00000000
00000000
00400000
8100000F
00000003
00000000
02000000
00000081
00000018
0201D064
00000000
00002C00
00000000
00000000
0201D214
00000003
00000001
0201D080
0000002C
00000080
00000000
00000000
00400000
80800007
0000003F
00000000
02000000
00000081
00000018
0201D084
00000002
00000010
00000000
00000000
0201D21C
00000004
00000001
0401D000
0000002C
00000100
00000000
00000000
00800000
8200000F
00000000
001001FF
02000000
00000081
00000018
0401D004
00000004
00002000
00000000
00000003
0401D200
00000F00
00000F00
00000000
0401D204
80010000
00000001
0401D020
0000002C
00000100
00000000
00000000
00400000
8100000F
00000003
00000000
02000000
00000081
00000018
0401D024
00000001
00002000
00000000
00000000
0401D214
00000001
00000001
0401D060
0000002C
00000100
00000000
00000000
00400000
8100000F
00000003
00000000
02000000
00000081
00000018
0401D064
00000001
00002800
00000000
00000000
0401D214
00000003
00000001
0601D000
0000002C
00000100
00000000
00000000
00800000
8200000F
00000000
001001FF
02000000
00000081
00000018
0601D004
00000004
00002020
00000000
00000003
0601D200
00000F00
00000F00
00000000
0601D204
80010000
00000001
0601D020
0000002C
00000100
00000000
00000000
00400000
8100000F
00000003
00000000
02000000
00000081
00000018
0601D024
00000001
00002400
00000000
00000000
0601D214
00000001
00000001
0601D060
0000002C
00000100
00000000
00000000
00400000
8100000F
00000003
00000000
02000000
00000081
00000018
0601D064
00000001
00002C00
00000000
00000000
0601D214
00000003
00000080
00000010
00000000
00010100
00000080
00000010
00010000
00010100
00000080
00000010
00020000
00010100
00000080
00000010
00030000
00010100
00000001
0001D100
0000002C
00000100
00000000
00000000
00800000
8200000F
00000000
001001FF
02000000
00000081
00000018
0001D104
00000003
00003000
00000000
00000003
0001D200
00000F00
00000F00
00000000
0001D204
80010008
00000001
0001D120
0000002C
00000100
00000000
00000000
00400000
8100000F
00000003
00000000
02000000
00000081
00000018
0001D124
00000000
00003000
00000000
00000000
0001D214
00000009
00000001
0001D140
0000002C
00000080
00000000
00000000
00400000
80800007
0000003F
00000000
02000000
00000081
00000018
0001D144
00000002
00000000
00000000
00000000
0001D21C
0000000A
00000001
0001D160
0000002C
00000100
00000000
00000000
00400000
8100000F
00000003
00000000
02000000
00000081
00000018
0001D164
00000000
00003800
00000000
00000000
0001D214
0000000B
00000001
0001D180
0000002C
00000080
00000000
00000000
00400000
80800007
0000003F
00000000
02000000
00000081
00000018
0001D184
00000002
00000000
00000000
00000000
0001D21C
0000000C
00000001
0201D100
0000002C
00000100
00000000
00000000
00800000
8200000F
00000000
001001FF
02000000
00000081
00000018
0201D104
00000003
00003020
00000000
00000003
0201D200
00000F00
00000F00
00000000
0201D204
80010008
00000001
0201D120
0000002C
00000100
00000000
00000000
00400000
8100000F
00000003
00000000
02000000
00000081
00000018
0201D124
00000000
00003400
00000000
00000000
0201D214
00000009
00000001
0201D140
0000002C
00000080
00000000
00000000
00400000
80800007
0000003F
00000000
02000000
00000081
00000018
0201D144
00000002
00000010
00000000
00000000
0201D21C
0000000A
00000001
0201D160
0000002C
00000100
00000000
00000000
00400000
8100000F
00000003
00000000
02000000
00000081
00000018
0201D164
00000000
00003C00
00000000
00000000
0201D214
0000000B
00000001
0201D180
0000002C
00000080
00000000
00000000
00400000
80800007
0000003F
00000000
02000000
00000081
00000018
0201D184
00000002
00000010
00000000
00000000
0201D21C
0000000C
00000001
0401D100
0000002C
00000100
00000000
00000000
00800000
8200000F
00000000
001001FF
02000000
00000081
00000018
0401D104
00000004
00003000
00000000
00000003
0401D200
00000F00
00000F00
00000000
0401D204
80010008
00000001
0401D120
0000002C
00000100
00000000
00000000
00400000
8100000F
00000003
00000000
02000000
00000081
00000018
0401D124
00000001
00003000
00000000
00000000
0401D214
00000009
00000001
0401D160
0000002C
00000100
00000000
00000000
00400000
8100000F
00000003
00000000
02000000
00000081
00000018
0401D164
00000001
00003800
00000000
00000000
0401D214
0000000B
00000001
0601D100
0000002C
00000100
00000000
00000000
00800000
8200000F
00000000
001001FF
02000000
00000081
00000018
0601D104
00000004
00003020
00000000
00000003
0601D200
00000F00
00000F00
00000000
0601D204
80010008
00000001
0601D120
0000002C
00000100
00000000
00000000
00400000
8100000F
00000003
00000000
02000000
00000081
00000018
0601D124
00000001
00003400
00000000
00000000
0601D214
00000009
00000001
0601D160
0000002C
00000100
00000000
00000000
00400000
8100000F
00000003
00000000
02000000
00000081
00000018
0601D164
00000001
00003C00
00000000
00000000
0601D214
0000000B
00000080
00000010
00000000
00010100
00000080
00000010
00010000
00010100
00000080
00000010
00020000
00010100
00000080
00000010
00030000
00010100
00000001
0001D000
0000002C
00000100
00000000
00000000
00800000
8200000F
00000000
001001FF
02000000
00000081
00000018
0001D004
00000003
00004000
00000000
00000003
0001D200
00000F00
00000F00
00000000
0001D204
80010000
00000001
0001D020
0000002C
00000100
00000000
00000000
00400000
8100000F
00000003
00000000
02000000
00000081
00000018
0001D024
00000000
00004000
00000000
00000000
0001D214
00000001
00000001
0001D040
0000002C
00000080
00000000
00000000
00400000
80800007
0000003F
00000000
02000000
00000081
00000018
0001D044
00000002
00000000
00000000
00000000
0001D21C
00000002
00000001
0001D060
0000002C
00000100
00000000
00000000
00400000
8100000F
00000003
00000000
02000000
00000081
00000018
0001D064
00000000
00004800
00000000
00000000
0001D214
00000003
00000001
0001D080
0000002C
00000080
00000000
00000000
00400000
80800007
0000003F
00000000
02000000
00000081
00000018
0001D084
00000002
00000000
00000000
00000000
0001D21C
00000004
00000001
0201D000
0000002C
00000100
00000000
00000000
00800000
8200000F
00000000
001001FF
02000000
00000081
00000018
0201D004
00000003
00004020
00000000
00000003
0201D200
00000F00
00000F00
00000000
0201D204
80010000
00000001
0201D020
0000002C
00000100
00000000
00000000
00400000
8100000F
00000003
00000000
02000000
00000081
00000018
0201D024
00000000
00004400
00000000
00000000
0201D214
00000001
00000001
0201D040
0000002C
00000080
00000000
00000000
00400000
80800007
0000003F
00000000
02000000
00000081
00000018
0201D044
00000002
00000010
00000000
00000000
0201D21C
00000002
00000001
0201D060
0000002C
00000100
00000000
00000000
00400000
8100000F
00000003
00000000
02000000
00000081
00000018
0201D064
00000000
00004C00
00000000
00000000
0201D214
00000003
00000001
0201D080
0000002C
00000080
00000000
00000000
00400000
80800007
0000003F
00000000
02000000
00000081
00000018
0201D084
00000002
00000010
00000000
00000000
0201D21C
00000004
00000001
0401D000
0000002C
00000100
00000000
00000000
00800000
8200000F
00000000
001001FF
02000000
00000081
00000018
0401D004
00000004
00004000
00000000
00000003
0401D200
00000F00
00000F00
00000000
0401D204
80010000
00000001
0401D020
0000002C
00000100
00000000
00000000
00400000
8100000F
00000003
00000000
02000000
00000081
00000018
0401D024
00000001
00004000
00000000
00000000
0401D214
00000001
00000001
0401D060
0000002C
00000100
00000000
00000000
00400000
8100000F
00000003
00000000
02000000
00000081
00000018
0401D064
00000001
00004800
00000000
00000000
0401D214
00000003
00000001
0601D000
0000002C
00000100
00000000
00000000
00800000
8200000F
00000000
001001FF
02000000
00000081
00000018
0601D004
00000004
00004020
00000000
00000003
0601D200
00000F00
00000F00
00000000
0601D204
80010000
00000001
0601D020
0000002C
00000100
00000000
00000000
00400000
8100000F
00000003
00000000
02000000
00000081
00000018
0601D024
00000001
00004400
00000000
00000000
0601D214
00000001
00000001
0601D060
0000002C
00000100
00000000
00000000
00400000
8100000F
00000003
00000000
02000000
00000081
00000018
0601D064
00000001
00004C00
00000000
00000000
0601D214
00000003
00000080
00000010
00000000
00010100
00000080
00000010
00010000
00010100
00000080
00000010
00020000
00010100
00000080
00000010
00030000
00010100
00000080
00000010
00000000
00010100
00000080
00000010
00010000
00010100
00000080
00000010
00020000
00010100
00000080
00000010
00030000
00010100
