06030001
00000104
00000026
000003B0
00000001
0001D000
0000002C
00000100
00000000
00000000
00800000
8200000F
00000000
00000000
02000000
00000081
00000018
0001D004
00000003
00000000
00000000
00000003
0001D200
00000F00
00000F00
00000000
0001D204
80000000
00000001
0001D020
0000002C
00000400
00000000
00000000
00400000
8100003F
00000003
00000000
02000000
00000081
00000018
0001D024
00000000
00000000
00000000
00000000
0001D214
00000001
00000001
0001D040
0000002C
00000200
00000000
00000000
00400000
80800007
0000003F
00000000
02000000
00000081
00000018
0001D044
00000002
00000000
00000000
00000000
0001D21C
00000002
00000001
0201D000
0000002C
00000100
00000000
00000000
00800000
8200000F
00000000
00000000
02000000
00000081
00000018
0201D004
00000003
00000020
00000000
00000003
0201D200
00000F00
00000F00
00000000
0201D204
80000000
00000001
0201D020
0000002C
00000400
00000000
00000000
00400000
8100003F
00000003
00000000
02000000
00000081
00000018
0201D024
00000000
00001000
00000000
00000000
0201D214
00000001
00000001
0201D040
0000002C
00000200
00000000
00000000
00400000
80800007
0000003F
00000000
02000000
00000081
00000018
0201D044
00000002
00000010
00000000
00000000
0201D21C
00000002
00000001
0401D000
0000002C
00000100
00000000
00000000
00800000
8200000F
00000000
00000000
02000000
00000081
00000018
0401D004
00000004
00000000
00000000
00000003
0401D200
00000F00
00000F00
00000000
0401D204
80000000
00000001
0401D020
0000002C
00000400
00000000
00000000
00400000
8100003F
00000003
00000000
02000000
00000081
00000018
0401D024
00000001
00000000
00000000
00000000
0401D214
00000001
00000001
0601D000
0000002C
00000100
00000000
00000000
00800000
8200000F
00000000
00000000
02000000
00000081
00000018
0601D004
00000004
00000020
00000000
00000003
0601D200
00000F00
00000F00
00000000
0601D204
80000000
00000001
0601D020
0000002C
00000400
00000000
00000000
00400000
8100003F
00000003
00000000
02000000
00000081
00000018
0601D024
00000001
00001000
00000000
00000000
0601D214
00000001
00000080
00000010
00000000
00010100
00000080
00000010
00010000
00010100
00000080
00000010
00020000
00010100
00000080
00000010
00030000
00010100
