06030001
00000104
00000550
00008710
00000001
0001D000
0000002C
00000200
00000000
00000000
00400000
8800000F
00000000
001007FF
02000000
00000081
00000018
0001D004
00000002
00000000
00000000
00000003
0001D200
00000F00
00000F00
00000000
0001D204
80010000
00000001
0001D020
0000002C
00002800
00000000
00000000
01000000
8200013F
0000000F
00000000
02000000
00000081
00000018
0001D024
00000000
00000000
00000000
00000000
0001D214
00000001
00000001
0001D040
0000002C
00000A00
00000000
00000000
00400000
8200000F
000001FF
00000000
02000000
00000081
00000018
0001D044
00000001
00000000
00000000
00000000
0001D21C
00000002
00000001
0001D060
0000002C
00002800
00000000
00000000
01000000
8200013F
0000000F
00000000
02000000
00000081
00000018
0001D064
00000000
00028000
00000000
00000000
0001D214
00000003
00000001
0001D080
0000002C
00000A00
00000000
00000000
00400000
8200000F
000001FF
00000000
02000000
00000081
00000018
0001D084
00000001
00000000
00000000
00000000
0001D21C
00000004
00000001
0201D000
0000002C
00000200
00000000
00000000
00400000
8800000F
00000000
001007FF
02000000
00000081
00000018
0201D004
00000002
00000010
00000000
00000003
0201D200
00000F00
00000F00
00000000
0201D204
80010000
00000001
0201D020
0000002C
00002800
00000000
00000000
01000000
8200013F
0000000F
00000000
02000000
00000081
00000018
0201D024
00000000
0000A000
00000000
00000000
0201D214
00000001
00000001
0201D040
0000002C
00000A00
00000000
00000000
00400000
8200000F
000001FF
00000000
02000000
00000081
00000018
0201D044
00000001
00000010
00000000
00000000
0201D21C
00000002
00000001
0201D060
0000002C
00002800
00000000
00000000
01000000
8200013F
0000000F
00000000
02000000
00000081
00000018
0201D064
00000000
00032000
00000000
00000000
0201D214
00000003
00000001
0201D080
0000002C
00000A00
00000000
00000000
00400000
8200000F
000001FF
00000000
02000000
00000081
00000018
0201D084
00000001
00000010
00000000
00000000
0201D21C
00000004
00000001
0401D000
0000002C
00000200
00000000
00000000
00400000
8800000F
00000000
001007FF
02000000
00000081
00000018
0401D004
00000002
00000020
00000000
00000003
0401D200
00000F00
00000F00
00000000
0401D204
80010000
00000001
0401D020
0000002C
00002800
00000000
00000000
01000000
8200013F
0000000F
00000000
02000000
00000081
00000018
0401D024
00000000
00014000
00000000
00000000
0401D214
00000001
00000001
0401D040
0000002C
00000A00
00000000
00000000
00400000
8200000F
000001FF
00000000
02000000
00000081
00000018
0401D044
00000001
00000020
00000000
00000000
0401D21C
00000002
00000001
0401D060
0000002C
00002800
00000000
00000000
01000000
8200013F
0000000F
00000000
02000000
00000081
00000018
0401D064
00000000
0003C000
00000000
00000000
0401D214
00000003
00000001
0401D080
0000002C
00000A00
00000000
00000000
00400000
8200000F
000001FF
00000000
02000000
00000081
00000018
0401D084
00000001
00000020
00000000
00000000
0401D21C
00000004
00000001
0601D000
0000002C
00000200
00000000
00000000
00400000
8800000F
00000000
001007FF
02000000
00000081
00000018
0601D004
00000002
00000030
00000000
00000003
0601D200
00000F00
00000F00
00000000
0601D204
80010000
00000001
0601D020
0000002C
00002800
00000000
00000000
01000000
8200013F
0000000F
00000000
02000000
00000081
00000018
0601D024
00000000
0001E000
00000000
00000000
0601D214
00000001
00000001
0601D040
0000002C
00000A00
00000000
00000000
00400000
8200000F
000001FF
00000000
02000000
00000081
00000018
0601D044
00000001
00000030
00000000
00000000
0601D21C
00000002
00000001
0601D060
0000002C
00002800
00000000
00000000
01000000
8200013F
0000000F
00000000
02000000
00000081
00000018
0601D064
00000000
00046000
00000000
00000000
0601D214
00000003
00000001
0601D080
0000002C
00000A00
00000000
00000000
00400000
8200000F
000001FF
00000000
02000000
00000081
00000018
0601D084
00000001
00000030
00000000
00000000
0601D21C
00000004
00000001
0001D100
0000002C
00000200
00000000
00000000
00400000
8800000F
00000000
001007FF
02000000
00000081
00000018
0001D104
00000002
00004000
00000000
00000003
0001D200
00000F00
00000F00
00000000
0001D204
80010008
00000001
0001D120
0000002C
00002800
00000000
00000000
01000000
8200013F
0000000F
00000000
02000000
00000081
00000018
0001D124
00000000
00050000
00000000
00000000
0001D214
00000009
00000001
0001D140
0000002C
00000A00
00000000
00000000
00400000
8200000F
000001FF
00000000
02000000
00000081
00000018
0001D144
00000001
00000000
00000000
00000000
0001D21C
0000000A
00000001
0001D160
0000002C
00002800
00000000
00000000
01000000
8200013F
0000000F
00000000
02000000
00000081
00000018
0001D164
00000000
00078000
00000000
00000000
0001D214
0000000B
00000001
0001D180
0000002C
00000A00
00000000
00000000
00400000
8200000F
000001FF
00000000
02000000
00000081
00000018
0001D184
00000001
00000000
00000000
00000000
0001D21C
0000000C
00000001
0201D100
0000002C
00000200
00000000
00000000
00400000
8800000F
00000000
001007FF
02000000
00000081
00000018
0201D104
00000002
00004010
00000000
00000003
0201D200
00000F00
00000F00
00000000
0201D204
80010008
00000001
0201D120
0000002C
00002800
00000000
00000000
01000000
8200013F
0000000F
00000000
02000000
00000081
00000018
0201D124
00000000
0005A000
00000000
00000000
0201D214
00000009
00000001
0201D140
0000002C
00000A00
00000000
00000000
00400000
8200000F
000001FF
00000000
02000000
00000081
00000018
0201D144
00000001
00000010
00000000
00000000
0201D21C
0000000A
00000001
0201D160
0000002C
00002800
00000000
00000000
01000000
8200013F
0000000F
00000000
02000000
00000081
00000018
0201D164
00000000
00082000
00000000
00000000
0201D214
0000000B
00000001
0201D180
0000002C
00000A00
00000000
00000000
00400000
8200000F
000001FF
00000000
02000000
00000081
00000018
0201D184
00000001
00000010
00000000
00000000
0201D21C
0000000C
00000001
0401D100
0000002C
00000200
00000000
00000000
00400000
8800000F
00000000
001007FF
02000000
00000081
00000018
0401D104
00000002
00004020
00000000
00000003
0401D200
00000F00
00000F00
00000000
0401D204
80010008
00000001
0401D120
0000002C
00002800
00000000
00000000
01000000
8200013F
0000000F
00000000
02000000
00000081
00000018
0401D124
00000000
00064000
00000000
00000000
0401D214
00000009
00000001
0401D140
0000002C
00000A00
00000000
00000000
00400000
8200000F
000001FF
00000000
02000000
00000081
00000018
0401D144
00000001
00000020
00000000
00000000
0401D21C
0000000A
00000001
0401D160
0000002C
00002800
00000000
00000000
01000000
8200013F
0000000F
00000000
02000000
00000081
00000018
0401D164
00000000
0008C000
00000000
00000000
0401D214
0000000B
00000001
0401D180
0000002C
00000A00
00000000
00000000
00400000
8200000F
000001FF
00000000
02000000
00000081
00000018
0401D184
00000001
00000020
00000000
00000000
0401D21C
0000000C
00000001
0601D100
0000002C
00000200
00000000
00000000
00400000
8800000F
00000000
001007FF
02000000
00000081
00000018
0601D104
00000002
00004030
00000000
00000003
0601D200
00000F00
00000F00
00000000
0601D204
80010008
00000001
0601D120
0000002C
00002800
00000000
00000000
01000000
8200013F
0000000F
00000000
02000000
00000081
00000018
0601D124
00000000
0006E000
00000000
00000000
0601D214
00000009
00000001
0601D140
0000002C
00000A00
00000000
00000000
00400000
8200000F
000001FF
00000000
02000000
00000081
00000018
0601D144
00000001
00000030
00000000
00000000
0601D21C
0000000A
00000001
0601D160
0000002C
00002800
00000000
00000000
01000000
8200013F
0000000F
00000000
02000000
00000081
00000018
0601D164
00000000
00096000
00000000
00000000
0601D214
0000000B
00000001
0601D180
0000002C
00000A00
00000000
00000000
00400000
8200000F
000001FF
00000000
02000000
00000081
00000018
0601D184
00000001
00000030
00000000
00000000
0601D21C
0000000C
00000080
00000010
00000000
00010100
00000080
00000010
00010000
00010100
00000080
00000010
00020000
00010100
00000080
00000010
00030000
00010100
00000001
0001D000
0000002C
00000200
00000000
00000000
00400000
8800000F
00000000
001007FF
02000000
00000081
00000018
0001D004
00000002
00008000
00000000
00000003
0001D200
00000F00
00000F00
00000000
0001D204
80010000
00000001
0001D020
0000002C
00002800
00000000
00000000
01000000
8200013F
0000000F
00000000
02000000
00000081
00000018
0001D024
00000000
000A0000
00000000
00000000
0001D214
00000001
00000001
0001D040
0000002C
00000A00
00000000
00000000
00400000
8200000F
000001FF
00000000
02000000
00000081
00000018
0001D044
00000001
00000000
00000000
00000000
0001D21C
00000002
00000001
0001D060
0000002C
00002800
00000000
00000000
01000000
8200013F
0000000F
00000000
02000000
00000081
00000018
0001D064
00000000
000C8000
00000000
00000000
0001D214
00000003
00000001
0001D080
0000002C
00000A00
00000000
00000000
00400000
8200000F
000001FF
00000000
02000000
00000081
00000018
0001D084
00000001
00000000
00000000
00000000
0001D21C
00000004
00000001
0201D000
0000002C
00000200
00000000
00000000
00400000
8800000F
00000000
001007FF
02000000
00000081
00000018
0201D004
00000002
00008010
00000000
00000003
0201D200
00000F00
00000F00
00000000
0201D204
80010000
00000001
0201D020
0000002C
00002800
00000000
00000000
01000000
8200013F
0000000F
00000000
02000000
00000081
00000018
0201D024
00000000
000AA000
00000000
00000000
0201D214
00000001
00000001
0201D040
0000002C
00000A00
00000000
00000000
00400000
8200000F
000001FF
00000000
02000000
00000081
00000018
0201D044
00000001
00000010
00000000
00000000
0201D21C
00000002
00000001
0201D060
0000002C
00002800
00000000
00000000
01000000
8200013F
0000000F
00000000
02000000
00000081
00000018
0201D064
00000000
000D2000
00000000
00000000
0201D214
00000003
00000001
0201D080
0000002C
00000A00
00000000
00000000
00400000
8200000F
000001FF
00000000
02000000
00000081
00000018
0201D084
00000001
00000010
00000000
00000000
0201D21C
00000004
00000001
0401D000
0000002C
00000200
00000000
00000000
00400000
8800000F
00000000
001007FF
02000000
00000081
00000018
0401D004
00000002
00008020
00000000
00000003
0401D200
00000F00
00000F00
00000000
0401D204
80010000
00000001
0401D020
0000002C
00002800
00000000
00000000
01000000
8200013F
0000000F
00000000
02000000
00000081
00000018
0401D024
00000000
000B4000
00000000
00000000
0401D214
00000001
00000001
0401D040
0000002C
00000A00
00000000
00000000
00400000
8200000F
000001FF
00000000
02000000
00000081
00000018
0401D044
00000001
00000020
00000000
00000000
0401D21C
00000002
00000001
0401D060
0000002C
00002800
00000000
00000000
01000000
8200013F
0000000F
00000000
02000000
00000081
00000018
0401D064
00000000
000DC000
00000000
00000000
0401D214
00000003
00000001
0401D080
0000002C
00000A00
00000000
00000000
00400000
8200000F
000001FF
00000000
02000000
00000081
00000018
0401D084
00000001
00000020
00000000
00000000
0401D21C
00000004
00000001
0601D000
0000002C
00000200
00000000
00000000
00400000
8800000F
00000000
001007FF
02000000
00000081
00000018
0601D004
00000002
00008030
00000000
00000003
0601D200
00000F00
00000F00
00000000
0601D204
80010000
00000001
0601D020
0000002C
00002800
00000000
00000000
01000000
8200013F
0000000F
00000000
02000000
00000081
00000018
0601D024
00000000
000BE000
00000000
00000000
0601D214
00000001
00000001
0601D040
0000002C
00000A00
00000000
00000000
00400000
8200000F
000001FF
00000000
02000000
00000081
00000018
0601D044
00000001
00000030
00000000
00000000
0601D21C
00000002
00000001
0601D060
0000002C
00002800
00000000
00000000
01000000
8200013F
0000000F
00000000
02000000
00000081
00000018
0601D064
00000000
000E6000
00000000
00000000
0601D214
00000003
00000001
0601D080
0000002C
00000A00
00000000
00000000
00400000
8200000F
000001FF
00000000
02000000
00000081
00000018
0601D084
00000001
00000030
00000000
00000000
0601D21C
00000004
00000080
00000010
00000000
00010100
00000080
00000010
00010000
00010100
00000080
00000010
00020000
00010100
00000080
00000010
00030000
00010100
00000001
0001D100
0000002C
00000200
00000000
00000000
00400000
8800000F
00000000
001007FF
02000000
00000081
00000018
0001D104
00000002
0000C000
00000000
00000003
0001D200
00000F00
00000F00
00000000
0001D204
80010008
00000001
0001D120
0000002C
00002800
00000000
00000000
01000000
8200013F
0000000F
00000000
02000000
00000081
00000018
0001D124
00000000
000F0000
00000000
00000000
0001D214
00000009
00000001
0001D140
0000002C
00000A00
00000000
00000000
00400000
8200000F
000001FF
00000000
02000000
00000081
00000018
0001D144
00000001
00000000
00000000
00000000
0001D21C
0000000A
00000001
0001D160
0000002C
00002800
00000000
00000000
01000000
8200013F
0000000F
00000000
02000000
00000081
00000018
0001D164
00000000
00118000
00000000
00000000
0001D214
0000000B
00000001
0001D180
0000002C
00000A00
00000000
00000000
00400000
8200000F
000001FF
00000000
02000000
00000081
00000018
0001D184
00000001
00000000
00000000
00000000
0001D21C
0000000C
00000001
0201D100
0000002C
00000200
00000000
00000000
00400000
8800000F
00000000
001007FF
02000000
00000081
00000018
0201D104
00000002
0000C010
00000000
00000003
0201D200
00000F00
00000F00
00000000
0201D204
80010008
00000001
0201D120
0000002C
00002800
00000000
00000000
01000000
8200013F
0000000F
00000000
02000000
00000081
00000018
0201D124
00000000
000FA000
00000000
00000000
0201D214
00000009
00000001
0201D140
0000002C
00000A00
00000000
00000000
00400000
8200000F
000001FF
00000000
02000000
00000081
00000018
0201D144
00000001
00000010
00000000
00000000
0201D21C
0000000A
00000001
0201D160
0000002C
00002800
00000000
00000000
01000000
8200013F
0000000F
00000000
02000000
00000081
00000018
0201D164
00000000
00122000
00000000
00000000
0201D214
0000000B
00000001
0201D180
0000002C
00000A00
00000000
00000000
00400000
8200000F
000001FF
00000000
02000000
00000081
00000018
0201D184
00000001
00000010
00000000
00000000
0201D21C
0000000C
00000001
0401D100
0000002C
00000200
00000000
00000000
00400000
8800000F
00000000
001007FF
02000000
00000081
00000018
0401D104
00000002
0000C020
00000000
00000003
0401D200
00000F00
00000F00
00000000
0401D204
80010008
00000001
0401D120
0000002C
00002800
00000000
00000000
01000000
8200013F
0000000F
00000000
02000000
00000081
00000018
0401D124
00000000
00104000
00000000
00000000
0401D214
00000009
00000001
0401D140
0000002C
00000A00
00000000
00000000
00400000
8200000F
000001FF
00000000
02000000
00000081
00000018
0401D144
00000001
00000020
00000000
00000000
0401D21C
0000000A
00000001
0401D160
0000002C
00002800
00000000
00000000
01000000
8200013F
0000000F
00000000
02000000
00000081
00000018
0401D164
00000000
0012C000
00000000
00000000
0401D214
0000000B
00000001
0401D180
0000002C
00000A00
00000000
00000000
00400000
8200000F
000001FF
00000000
02000000
00000081
00000018
0401D184
00000001
00000020
00000000
00000000
0401D21C
0000000C
00000001
0601D100
0000002C
00000200
00000000
00000000
00400000
8800000F
00000000
001007FF
02000000
00000081
00000018
0601D104
00000002
0000C030
00000000
00000003
0601D200
00000F00
00000F00
00000000
0601D204
80010008
00000001
0601D120
0000002C
00002800
00000000
00000000
01000000
8200013F
0000000F
00000000
02000000
00000081
00000018
0601D124
00000000
0010E000
00000000
00000000
0601D214
00000009
00000001
0601D140
0000002C
00000A00
00000000
00000000
00400000
8200000F
000001FF
00000000
02000000
00000081
00000018
0601D144
00000001
00000030
00000000
00000000
0601D21C
0000000A
00000001
0601D160
0000002C
00002800
00000000
00000000
01000000
8200013F
0000000F
00000000
02000000
00000081
00000018
0601D164
00000000
00136000
00000000
00000000
0601D214
0000000B
00000001
0601D180
0000002C
00000A00
00000000
00000000
00400000
8200000F
000001FF
00000000
02000000
00000081
00000018
0601D184
00000001
00000030
00000000
00000000
0601D21C
0000000C
00000080
00000010
00000000
00010100
00000080
00000010
00010000
00010100
00000080
00000010
00020000
00010100
00000080
00000010
00030000
00010100
00000001
0001D000
0000002C
00000200
00000000
00000000
00400000
8800000F
00000000
001007FF
02000000
00000081
00000018
0001D004
00000002
00010000
00000000
00000003
0001D200
00000F00
00000F00
00000000
0001D204
80010000
00000001
0001D020
0000002C
00002800
00000000
00000000
01000000
8200013F
0000000F
00000000
02000000
00000081
00000018
0001D024
00000000
00140000
00000000
00000000
0001D214
00000001
00000001
0001D040
0000002C
00000A00
00000000
00000000
00400000
8200000F
000001FF
00000000
02000000
00000081
00000018
0001D044
00000001
00000000
00000000
00000000
0001D21C
00000002
00000001
0001D060
0000002C
00002800
00000000
00000000
01000000
8200013F
0000000F
00000000
02000000
00000081
00000018
0001D064
00000000
00168000
00000000
00000000
0001D214
00000003
00000001
0001D080
0000002C
00000A00
00000000
00000000
00400000
8200000F
000001FF
00000000
02000000
00000081
00000018
0001D084
00000001
00000000
00000000
00000000
0001D21C
00000004
00000001
0201D000
0000002C
00000200
00000000
00000000
00400000
8800000F
00000000
001007FF
02000000
00000081
00000018
0201D004
00000002
00010010
00000000
00000003
0201D200
00000F00
00000F00
00000000
0201D204
80010000
00000001
0201D020
0000002C
00002800
00000000
00000000
01000000
8200013F
0000000F
00000000
02000000
00000081
00000018
0201D024
00000000
0014A000
00000000
00000000
0201D214
00000001
00000001
0201D040
0000002C
00000A00
00000000
00000000
00400000
8200000F
000001FF
00000000
02000000
00000081
00000018
0201D044
00000001
00000010
00000000
00000000
0201D21C
00000002
00000001
0201D060
0000002C
00002800
00000000
00000000
01000000
8200013F
0000000F
00000000
02000000
00000081
00000018
0201D064
00000000
00172000
00000000
00000000
0201D214
00000003
00000001
0201D080
0000002C
00000A00
00000000
00000000
00400000
8200000F
000001FF
00000000
02000000
00000081
00000018
0201D084
00000001
00000010
00000000
00000000
0201D21C
00000004
00000001
0401D000
0000002C
00000200
00000000
00000000
00400000
8800000F
00000000
001007FF
02000000
00000081
00000018
0401D004
00000002
00010020
00000000
00000003
0401D200
00000F00
00000F00
00000000
0401D204
80010000
00000001
0401D020
0000002C
00002800
00000000
00000000
01000000
8200013F
0000000F
00000000
02000000
00000081
00000018
0401D024
00000000
00154000
00000000
00000000
0401D214
00000001
00000001
0401D040
0000002C
00000A00
00000000
00000000
00400000
8200000F
000001FF
00000000
02000000
00000081
00000018
0401D044
00000001
00000020
00000000
00000000
0401D21C
00000002
00000001
0401D060
0000002C
00002800
00000000
00000000
01000000
8200013F
0000000F
00000000
02000000
00000081
00000018
0401D064
00000000
0017C000
00000000
00000000
0401D214
00000003
00000001
0401D080
0000002C
00000A00
00000000
00000000
00400000
8200000F
000001FF
00000000
02000000
00000081
00000018
0401D084
00000001
00000020
00000000
00000000
0401D21C
00000004
00000001
0601D000
0000002C
00000200
00000000
00000000
00400000
8800000F
00000000
001007FF
02000000
00000081
00000018
0601D004
00000002
00010030
00000000
00000003
0601D200
00000F00
00000F00
00000000
0601D204
80010000
00000001
0601D020
0000002C
00002800
00000000
00000000
01000000
8200013F
0000000F
00000000
02000000
00000081
00000018
0601D024
00000000
0015E000
00000000
00000000
0601D214
00000001
00000001
0601D040
0000002C
00000A00
00000000
00000000
00400000
8200000F
000001FF
00000000
02000000
00000081
00000018
0601D044
00000001
00000030
00000000
00000000
0601D21C
00000002
00000001
0601D060
0000002C
00002800
00000000
00000000
01000000
8200013F
0000000F
00000000
02000000
00000081
00000018
0601D064
00000000
00186000
00000000
00000000
0601D214
00000003
00000001
0601D080
0000002C
00000A00
00000000
00000000
00400000
8200000F
000001FF
00000000
02000000
00000081
00000018
0601D084
00000001
00000030
00000000
00000000
0601D21C
00000004
00000080
00000010
00000000
00010100
00000080
00000010
00010000
00010100
00000080
00000010
00020000
00010100
00000080
00000010
00030000
00010100
00000001
0001D100
0000002C
00000200
00000000
00000000
00400000
8800000F
00000000
001007FF
02000000
00000081
00000018
0001D104
00000002
00014000
00000000
00000003
0001D200
00000F00
00000F00
00000000
0001D204
80010008
00000001
0001D120
0000002C
00002800
00000000
00000000
01000000
8200013F
0000000F
00000000
02000000
00000081
00000018
0001D124
00000000
00190000
00000000
00000000
0001D214
00000009
00000001
0001D140
0000002C
00000A00
00000000
00000000
00400000
8200000F
000001FF
00000000
02000000
00000081
00000018
0001D144
00000001
00000000
00000000
00000000
0001D21C
0000000A
00000001
0001D160
0000002C
00002800
00000000
00000000
01000000
8200013F
0000000F
00000000
02000000
00000081
00000018
0001D164
00000000
001B8000
00000000
00000000
0001D214
0000000B
00000001
0001D180
0000002C
00000A00
00000000
00000000
00400000
8200000F
000001FF
00000000
02000000
00000081
00000018
0001D184
00000001
00000000
00000000
00000000
0001D21C
0000000C
00000001
0201D100
0000002C
00000200
00000000
00000000
00400000
8800000F
00000000
001007FF
02000000
00000081
00000018
0201D104
00000002
00014010
00000000
00000003
0201D200
00000F00
00000F00
00000000
0201D204
80010008
00000001
0201D120
0000002C
00002800
00000000
00000000
01000000
8200013F
0000000F
00000000
02000000
00000081
00000018
0201D124
00000000
0019A000
00000000
00000000
0201D214
00000009
00000001
0201D140
0000002C
00000A00
00000000
00000000
00400000
8200000F
000001FF
00000000
02000000
00000081
00000018
0201D144
00000001
00000010
00000000
00000000
0201D21C
0000000A
00000001
0201D160
0000002C
00002800
00000000
00000000
01000000
8200013F
0000000F
00000000
02000000
00000081
00000018
0201D164
00000000
001C2000
00000000
00000000
0201D214
0000000B
00000001
0201D180
0000002C
00000A00
00000000
00000000
00400000
8200000F
000001FF
00000000
02000000
00000081
00000018
0201D184
00000001
00000010
00000000
00000000
0201D21C
0000000C
00000001
0401D100
0000002C
00000200
00000000
00000000
00400000
8800000F
00000000
001007FF
02000000
00000081
00000018
0401D104
00000002
00014020
00000000
00000003
0401D200
00000F00
00000F00
00000000
0401D204
80010008
00000001
0401D120
0000002C
00002800
00000000
00000000
01000000
8200013F
0000000F
00000000
02000000
00000081
00000018
0401D124
00000000
001A4000
00000000
00000000
0401D214
00000009
00000001
0401D140
0000002C
00000A00
00000000
00000000
00400000
8200000F
000001FF
00000000
02000000
00000081
00000018
0401D144
00000001
00000020
00000000
00000000
0401D21C
0000000A
00000001
0401D160
0000002C
00002800
00000000
00000000
01000000
8200013F
0000000F
00000000
02000000
00000081
00000018
0401D164
00000000
001CC000
00000000
00000000
0401D214
0000000B
00000001
0401D180
0000002C
00000A00
00000000
00000000
00400000
8200000F
000001FF
00000000
02000000
00000081
00000018
0401D184
00000001
00000020
00000000
00000000
0401D21C
0000000C
00000001
0601D100
0000002C
00000200
00000000
00000000
00400000
8800000F
00000000
001007FF
02000000
00000081
00000018
0601D104
00000002
00014030
00000000
00000003
0601D200
00000F00
00000F00
00000000
0601D204
80010008
00000001
0601D120
0000002C
00002800
00000000
00000000
01000000
8200013F
0000000F
00000000
02000000
00000081
00000018
0601D124
00000000
001AE000
00000000
00000000
0601D214
00000009
00000001
0601D140
0000002C
00000A00
00000000
00000000
00400000
8200000F
000001FF
00000000
02000000
00000081
00000018
0601D144
00000001
00000030
00000000
00000000
0601D21C
0000000A
00000001
0601D160
0000002C
00002800
00000000
00000000
01000000
8200013F
0000000F
00000000
02000000
00000081
00000018
0601D164
00000000
001D6000
00000000
00000000
0601D214
0000000B
00000001
0601D180
0000002C
00000A00
00000000
00000000
00400000
8200000F
000001FF
00000000
02000000
00000081
00000018
0601D184
00000001
00000030
00000000
00000000
0601D21C
0000000C
00000080
00000010
00000000
00010100
00000080
00000010
00010000
00010100
00000080
00000010
00020000
00010100
00000080
00000010
00030000
00010100
00000001
0001D000
0000002C
00000200
00000000
00000000
00400000
8800000F
00000000
001007FF
02000000
00000081
00000018
0001D004
00000002
00018000
00000000
00000003
0001D200
00000F00
00000F00
00000000
0001D204
80010000
00000001
0001D020
0000002C
00002800
00000000
00000000
01000000
8200013F
0000000F
00000000
02000000
00000081
00000018
0001D024
00000000
001E0000
00000000
00000000
0001D214
00000001
00000001
0001D040
0000002C
00000A00
00000000
00000000
00400000
8200000F
000001FF
00000000
02000000
00000081
00000018
0001D044
00000001
00000000
00000000
00000000
0001D21C
00000002
00000001
0001D060
0000002C
00002800
00000000
00000000
01000000
8200013F
0000000F
00000000
02000000
00000081
00000018
0001D064
00000000
00208000
00000000
00000000
0001D214
00000003
00000001
0001D080
0000002C
00000A00
00000000
00000000
00400000
8200000F
000001FF
00000000
02000000
00000081
00000018
0001D084
00000001
00000000
00000000
00000000
0001D21C
00000004
00000001
0201D000
0000002C
00000200
00000000
00000000
00400000
8800000F
00000000
001007FF
02000000
00000081
00000018
0201D004
00000002
00018010
00000000
00000003
0201D200
00000F00
00000F00
00000000
0201D204
80010000
00000001
0201D020
0000002C
00002800
00000000
00000000
01000000
8200013F
0000000F
00000000
02000000
00000081
00000018
0201D024
00000000
001EA000
00000000
00000000
0201D214
00000001
00000001
0201D040
0000002C
00000A00
00000000
00000000
00400000
8200000F
000001FF
00000000
02000000
00000081
00000018
0201D044
00000001
00000010
00000000
00000000
0201D21C
00000002
00000001
0201D060
0000002C
00002800
00000000
00000000
01000000
8200013F
0000000F
00000000
02000000
00000081
00000018
0201D064
00000000
00212000
00000000
00000000
0201D214
00000003
00000001
0201D080
0000002C
00000A00
00000000
00000000
00400000
8200000F
000001FF
00000000
02000000
00000081
00000018
0201D084
00000001
00000010
00000000
00000000
0201D21C
00000004
00000001
0401D000
0000002C
00000200
00000000
00000000
00400000
8800000F
00000000
001007FF
02000000
00000081
00000018
0401D004
00000002
00018020
00000000
00000003
0401D200
00000F00
00000F00
00000000
0401D204
80010000
00000001
0401D020
0000002C
00002800
00000000
00000000
01000000
8200013F
0000000F
00000000
02000000
00000081
00000018
0401D024
00000000
001F4000
00000000
00000000
0401D214
00000001
00000001
0401D040
0000002C
00000A00
00000000
00000000
00400000
8200000F
000001FF
00000000
02000000
00000081
00000018
0401D044
00000001
00000020
00000000
00000000
0401D21C
00000002
00000001
0401D060
0000002C
00002800
00000000
00000000
01000000
8200013F
0000000F
00000000
02000000
00000081
00000018
0401D064
00000000
0021C000
00000000
00000000
0401D214
00000003
00000001
0401D080
0000002C
00000A00
00000000
00000000
00400000
8200000F
000001FF
00000000
02000000
00000081
00000018
0401D084
00000001
00000020
00000000
00000000
0401D21C
00000004
00000001
0601D000
0000002C
00000200
00000000
00000000
00400000
8800000F
00000000
001007FF
02000000
00000081
00000018
0601D004
00000002
00018030
00000000
00000003
0601D200
00000F00
00000F00
00000000
0601D204
80010000
00000001
0601D020
0000002C
00002800
00000000
00000000
01000000
8200013F
0000000F
00000000
02000000
00000081
00000018
0601D024
00000000
001FE000
00000000
00000000
0601D214
00000001
00000001
0601D040
0000002C
00000A00
00000000
00000000
00400000
8200000F
000001FF
00000000
02000000
00000081
00000018
0601D044
00000001
00000030
00000000
00000000
0601D21C
00000002
00000001
0601D060
0000002C
00002800
00000000
00000000
01000000
8200013F
0000000F
00000000
02000000
00000081
00000018
0601D064
00000000
00226000
00000000
00000000
0601D214
00000003
00000001
0601D080
0000002C
00000A00
00000000
00000000
00400000
8200000F
000001FF
00000000
02000000
00000081
00000018
0601D084
00000001
00000030
00000000
00000000
0601D21C
00000004
00000080
00000010
00000000
00010100
00000080
00000010
00010000
00010100
00000080
00000010
00020000
00010100
00000080
00000010
00030000
00010100
00000001
0001D100
0000002C
00000200
00000000
00000000
00400000
8800000F
00000000
001007FF
02000000
00000081
00000018
0001D104
00000002
0001C000
00000000
00000003
0001D200
00000F00
00000F00
00000000
0001D204
80010008
00000001
0001D120
0000002C
00002800
00000000
00000000
01000000
8200013F
0000000F
00000000
02000000
00000081
00000018
0001D124
00000000
00230000
00000000
00000000
0001D214
00000009
00000001
0001D140
0000002C
00000A00
00000000
00000000
00400000
8200000F
000001FF
00000000
02000000
00000081
00000018
0001D144
00000001
00000000
00000000
00000000
0001D21C
0000000A
00000001
0001D160
0000002C
00002800
00000000
00000000
01000000
8200013F
0000000F
00000000
02000000
00000081
00000018
0001D164
00000000
00258000
00000000
00000000
0001D214
0000000B
00000001
0001D180
0000002C
00000A00
00000000
00000000
00400000
8200000F
000001FF
00000000
02000000
00000081
00000018
0001D184
00000001
00000000
00000000
00000000
0001D21C
0000000C
00000001
0201D100
0000002C
00000200
00000000
00000000
00400000
8800000F
00000000
001007FF
02000000
00000081
00000018
0201D104
00000002
0001C010
00000000
00000003
0201D200
00000F00
00000F00
00000000
0201D204
80010008
00000001
0201D120
0000002C
00002800
00000000
00000000
01000000
8200013F
0000000F
00000000
02000000
00000081
00000018
0201D124
00000000
0023A000
00000000
00000000
0201D214
00000009
00000001
0201D140
0000002C
00000A00
00000000
00000000
00400000
8200000F
000001FF
00000000
02000000
00000081
00000018
0201D144
00000001
00000010
00000000
00000000
0201D21C
0000000A
00000001
0201D160
0000002C
00002800
00000000
00000000
01000000
8200013F
0000000F
00000000
02000000
00000081
00000018
0201D164
00000000
00262000
00000000
00000000
0201D214
0000000B
00000001
0201D180
0000002C
00000A00
00000000
00000000
00400000
8200000F
000001FF
00000000
02000000
00000081
00000018
0201D184
00000001
00000010
00000000
00000000
0201D21C
0000000C
00000001
0401D100
0000002C
00000200
00000000
00000000
00400000
8800000F
00000000
001007FF
02000000
00000081
00000018
0401D104
00000002
0001C020
00000000
00000003
0401D200
00000F00
00000F00
00000000
0401D204
80010008
00000001
0401D120
0000002C
00002800
00000000
00000000
01000000
8200013F
0000000F
00000000
02000000
00000081
00000018
0401D124
00000000
00244000
00000000
00000000
0401D214
00000009
00000001
0401D140
0000002C
00000A00
00000000
00000000
00400000
8200000F
000001FF
00000000
02000000
00000081
00000018
0401D144
00000001
00000020
00000000
00000000
0401D21C
0000000A
00000001
0401D160
0000002C
00002800
00000000
00000000
01000000
8200013F
0000000F
00000000
02000000
00000081
00000018
0401D164
00000000
0026C000
00000000
00000000
0401D214
0000000B
00000001
0401D180
0000002C
00000A00
00000000
00000000
00400000
8200000F
000001FF
00000000
02000000
00000081
00000018
0401D184
00000001
00000020
00000000
00000000
0401D21C
0000000C
00000001
0601D100
0000002C
00000200
00000000
00000000
00400000
8800000F
00000000
001007FF
02000000
00000081
00000018
0601D104
00000002
0001C030
00000000
00000003
0601D200
00000F00
00000F00
00000000
0601D204
80010008
00000001
0601D120
0000002C
00002800
00000000
00000000
01000000
8200013F
0000000F
00000000
02000000
00000081
00000018
0601D124
00000000
0024E000
00000000
00000000
0601D214
00000009
00000001
0601D140
0000002C
00000A00
00000000
00000000
00400000
8200000F
000001FF
00000000
02000000
00000081
00000018
0601D144
00000001
00000030
00000000
00000000
0601D21C
0000000A
00000001
0601D160
0000002C
00002800
00000000
00000000
01000000
8200013F
0000000F
00000000
02000000
00000081
00000018
0601D164
00000000
00276000
00000000
00000000
0601D214
0000000B
00000001
0601D180
0000002C
00000A00
00000000
00000000
00400000
8200000F
000001FF
00000000
02000000
00000081
00000018
0601D184
00000001
00000030
00000000
00000000
0601D21C
0000000C
00000080
00000010
00000000
00010100
00000080
00000010
00010000
00010100
00000080
00000010
00020000
00010100
00000080
00000010
00030000
00010100
00000001
0001D000
0000002C
00000200
00000000
00000000
00400000
8800000F
00000000
001007FF
02000000
00000081
00000018
0001D004
00000002
00020000
00000000
00000003
0001D200
00000F00
00000F00
00000000
0001D204
80010000
00000001
0001D020
0000002C
00002800
00000000
00000000
01000000
8200013F
0000000F
00000000
02000000
00000081
00000018
0001D024
00000000
00280000
00000000
00000000
0001D214
00000001
00000001
0001D040
0000002C
00000A00
00000000
00000000
00400000
8200000F
000001FF
00000000
02000000
00000081
00000018
0001D044
00000001
00000000
00000000
00000000
0001D21C
00000002
00000001
0001D060
0000002C
00002800
00000000
00000000
01000000
8200013F
0000000F
00000000
02000000
00000081
00000018
0001D064
00000000
002A8000
00000000
00000000
0001D214
00000003
00000001
0001D080
0000002C
00000A00
00000000
00000000
00400000
8200000F
000001FF
00000000
02000000
00000081
00000018
0001D084
00000001
00000000
00000000
00000000
0001D21C
00000004
00000001
0201D000
0000002C
00000200
00000000
00000000
00400000
8800000F
00000000
001007FF
02000000
00000081
00000018
0201D004
00000002
00020010
00000000
00000003
0201D200
00000F00
00000F00
00000000
0201D204
80010000
00000001
0201D020
0000002C
00002800
00000000
00000000
01000000
8200013F
0000000F
00000000
02000000
00000081
00000018
0201D024
00000000
0028A000
00000000
00000000
0201D214
00000001
00000001
0201D040
0000002C
00000A00
00000000
00000000
00400000
8200000F
000001FF
00000000
02000000
00000081
00000018
0201D044
00000001
00000010
00000000
00000000
0201D21C
00000002
00000001
0201D060
0000002C
00002800
00000000
00000000
01000000
8200013F
0000000F
00000000
02000000
00000081
00000018
0201D064
00000000
002B2000
00000000
00000000
0201D214
00000003
00000001
0201D080
0000002C
00000A00
00000000
00000000
00400000
8200000F
000001FF
00000000
02000000
00000081
00000018
0201D084
00000001
00000010
00000000
00000000
0201D21C
00000004
00000001
0401D000
0000002C
00000200
00000000
00000000
00400000
8800000F
00000000
001007FF
02000000
00000081
00000018
0401D004
00000002
00020020
00000000
00000003
0401D200
00000F00
00000F00
00000000
0401D204
80010000
00000001
0401D020
0000002C
00002800
00000000
00000000
01000000
8200013F
0000000F
00000000
02000000
00000081
00000018
0401D024
00000000
00294000
00000000
00000000
0401D214
00000001
00000001
0401D040
0000002C
00000A00
00000000
00000000
00400000
8200000F
000001FF
00000000
02000000
00000081
00000018
0401D044
00000001
00000020
00000000
00000000
0401D21C
00000002
00000001
0401D060
0000002C
00002800
00000000
00000000
01000000
8200013F
0000000F
00000000
02000000
00000081
00000018
0401D064
00000000
002BC000
00000000
00000000
0401D214
00000003
00000001
0401D080
0000002C
00000A00
00000000
00000000
00400000
8200000F
000001FF
00000000
02000000
00000081
00000018
0401D084
00000001
00000020
00000000
00000000
0401D21C
00000004
00000001
0601D000
0000002C
00000200
00000000
00000000
00400000
8800000F
00000000
001007FF
02000000
00000081
00000018
0601D004
00000002
00020030
00000000
00000003
0601D200
00000F00
00000F00
00000000
0601D204
80010000
00000001
0601D020
0000002C
00002800
00000000
00000000
01000000
8200013F
0000000F
00000000
02000000
00000081
00000018
0601D024
00000000
0029E000
00000000
00000000
0601D214
00000001
00000001
0601D040
0000002C
00000A00
00000000
00000000
00400000
8200000F
000001FF
00000000
02000000
00000081
00000018
0601D044
00000001
00000030
00000000
00000000
0601D21C
00000002
00000001
0601D060
0000002C
00002800
00000000
00000000
01000000
8200013F
0000000F
00000000
02000000
00000081
00000018
0601D064
00000000
002C6000
00000000
00000000
0601D214
00000003
00000001
0601D080
0000002C
00000A00
00000000
00000000
00400000
8200000F
000001FF
00000000
02000000
00000081
00000018
0601D084
00000001
00000030
00000000
00000000
0601D21C
00000004
00000080
00000010
00000000
00010100
00000080
00000010
00010000
00010100
00000080
00000010
00020000
00010100
00000080
00000010
00030000
00010100
00000001
0001D100
0000002C
00000200
00000000
00000000
00400000
8800000F
00000000
001007FF
02000000
00000081
00000018
0001D104
00000002
00024000
00000000
00000003
0001D200
00000F00
00000F00
00000000
0001D204
80010008
00000001
0001D120
0000002C
00002800
00000000
00000000
01000000
8200013F
0000000F
00000000
02000000
00000081
00000018
0001D124
00000000
002D0000
00000000
00000000
0001D214
00000009
00000001
0001D140
0000002C
00000A00
00000000
00000000
00400000
8200000F
000001FF
00000000
02000000
00000081
00000018
0001D144
00000001
00000000
00000000
00000000
0001D21C
0000000A
00000001
0001D160
0000002C
00002800
00000000
00000000
01000000
8200013F
0000000F
00000000
02000000
00000081
00000018
0001D164
00000000
002F8000
00000000
00000000
0001D214
0000000B
00000001
0001D180
0000002C
00000A00
00000000
00000000
00400000
8200000F
000001FF
00000000
02000000
00000081
00000018
0001D184
00000001
00000000
00000000
00000000
0001D21C
0000000C
00000001
0201D100
0000002C
00000200
00000000
00000000
00400000
8800000F
00000000
001007FF
02000000
00000081
00000018
0201D104
00000002
00024010
00000000
00000003
0201D200
00000F00
00000F00
00000000
0201D204
80010008
00000001
0201D120
0000002C
00002800
00000000
00000000
01000000
8200013F
0000000F
00000000
02000000
00000081
00000018
0201D124
00000000
002DA000
00000000
00000000
0201D214
00000009
00000001
0201D140
0000002C
00000A00
00000000
00000000
00400000
8200000F
000001FF
00000000
02000000
00000081
00000018
0201D144
00000001
00000010
00000000
00000000
0201D21C
0000000A
00000001
0201D160
0000002C
00002800
00000000
00000000
01000000
8200013F
0000000F
00000000
02000000
00000081
00000018
0201D164
00000000
00302000
00000000
00000000
0201D214
0000000B
00000001
0201D180
0000002C
00000A00
00000000
00000000
00400000
8200000F
000001FF
00000000
02000000
00000081
00000018
0201D184
00000001
00000010
00000000
00000000
0201D21C
0000000C
00000001
0401D100
0000002C
00000200
00000000
00000000
00400000
8800000F
00000000
001007FF
02000000
00000081
00000018
0401D104
00000002
00024020
00000000
00000003
0401D200
00000F00
00000F00
00000000
0401D204
80010008
00000001
0401D120
0000002C
00002800
00000000
00000000
01000000
8200013F
0000000F
00000000
02000000
00000081
00000018
0401D124
00000000
002E4000
00000000
00000000
0401D214
00000009
00000001
0401D140
0000002C
00000A00
00000000
00000000
00400000
8200000F
000001FF
00000000
02000000
00000081
00000018
0401D144
00000001
00000020
00000000
00000000
0401D21C
0000000A
00000001
0401D160
0000002C
00002800
00000000
00000000
01000000
8200013F
0000000F
00000000
02000000
00000081
00000018
0401D164
00000000
0030C000
00000000
00000000
0401D214
0000000B
00000001
0401D180
0000002C
00000A00
00000000
00000000
00400000
8200000F
000001FF
00000000
02000000
00000081
00000018
0401D184
00000001
00000020
00000000
00000000
0401D21C
0000000C
00000001
0601D100
0000002C
00000200
00000000
00000000
00400000
8800000F
00000000
001007FF
02000000
00000081
00000018
0601D104
00000002
00024030
00000000
00000003
0601D200
00000F00
00000F00
00000000
0601D204
80010008
00000001
0601D120
0000002C
00002800
00000000
00000000
01000000
8200013F
0000000F
00000000
02000000
00000081
00000018
0601D124
00000000
002EE000
00000000
00000000
0601D214
00000009
00000001
0601D140
0000002C
00000A00
00000000
00000000
00400000
8200000F
000001FF
00000000
02000000
00000081
00000018
0601D144
00000001
00000030
00000000
00000000
0601D21C
0000000A
00000001
0601D160
0000002C
00002800
00000000
00000000
01000000
8200013F
0000000F
00000000
02000000
00000081
00000018
0601D164
00000000
00316000
00000000
00000000
0601D214
0000000B
00000001
0601D180
0000002C
00000A00
00000000
00000000
00400000
8200000F
000001FF
00000000
02000000
00000081
00000018
0601D184
00000001
00000030
00000000
00000000
0601D21C
0000000C
00000080
00000010
00000000
00010100
00000080
00000010
00010000
00010100
00000080
00000010
00020000
00010100
00000080
00000010
00030000
00010100
00000001
0001D000
0000002C
00000200
00000000
00000000
00400000
8800000F
00000000
001007FF
02000000
00000081
00000018
0001D004
00000002
00028000
00000000
00000003
0001D200
00000F00
00000F00
00000000
0001D204
80010000
00000001
0001D020
0000002C
00002800
00000000
00000000
01000000
8200013F
0000000F
00000000
02000000
00000081
00000018
0001D024
00000000
00320000
00000000
00000000
0001D214
00000001
00000001
0001D040
0000002C
00000A00
00000000
00000000
00400000
8200000F
000001FF
00000000
02000000
00000081
00000018
0001D044
00000001
00000000
00000000
00000000
0001D21C
00000002
00000001
0001D060
0000002C
00002800
00000000
00000000
01000000
8200013F
0000000F
00000000
02000000
00000081
00000018
0001D064
00000000
00348000
00000000
00000000
0001D214
00000003
00000001
0001D080
0000002C
00000A00
00000000
00000000
00400000
8200000F
000001FF
00000000
02000000
00000081
00000018
0001D084
00000001
00000000
00000000
00000000
0001D21C
00000004
00000001
0201D000
0000002C
00000200
00000000
00000000
00400000
8800000F
00000000
001007FF
02000000
00000081
00000018
0201D004
00000002
00028010
00000000
00000003
0201D200
00000F00
00000F00
00000000
0201D204
80010000
00000001
0201D020
0000002C
00002800
00000000
00000000
01000000
8200013F
0000000F
00000000
02000000
00000081
00000018
0201D024
00000000
0032A000
00000000
00000000
0201D214
00000001
00000001
0201D040
0000002C
00000A00
00000000
00000000
00400000
8200000F
000001FF
00000000
02000000
00000081
00000018
0201D044
00000001
00000010
00000000
00000000
0201D21C
00000002
00000001
0201D060
0000002C
00002800
00000000
00000000
01000000
8200013F
0000000F
00000000
02000000
00000081
00000018
0201D064
00000000
00352000
00000000
00000000
0201D214
00000003
00000001
0201D080
0000002C
00000A00
00000000
00000000
00400000
8200000F
000001FF
00000000
02000000
00000081
00000018
0201D084
00000001
00000010
00000000
00000000
0201D21C
00000004
00000001
0401D000
0000002C
00000200
00000000
00000000
00400000
8800000F
00000000
001007FF
02000000
00000081
00000018
0401D004
00000002
00028020
00000000
00000003
0401D200
00000F00
00000F00
00000000
0401D204
80010000
00000001
0401D020
0000002C
00002800
00000000
00000000
01000000
8200013F
0000000F
00000000
02000000
00000081
00000018
0401D024
00000000
00334000
00000000
00000000
0401D214
00000001
00000001
0401D040
0000002C
00000A00
00000000
00000000
00400000
8200000F
000001FF
00000000
02000000
00000081
00000018
0401D044
00000001
00000020
00000000
00000000
0401D21C
00000002
00000001
0401D060
0000002C
00002800
00000000
00000000
01000000
8200013F
0000000F
00000000
02000000
00000081
00000018
0401D064
00000000
0035C000
00000000
00000000
0401D214
00000003
00000001
0401D080
0000002C
00000A00
00000000
00000000
00400000
8200000F
000001FF
00000000
02000000
00000081
00000018
0401D084
00000001
00000020
00000000
00000000
0401D21C
00000004
00000001
0601D000
0000002C
00000200
00000000
00000000
00400000
8800000F
00000000
001007FF
02000000
00000081
00000018
0601D004
00000002
00028030
00000000
00000003
0601D200
00000F00
00000F00
00000000
0601D204
80010000
00000001
0601D020
0000002C
00002800
00000000
00000000
01000000
8200013F
0000000F
00000000
02000000
00000081
00000018
0601D024
00000000
0033E000
00000000
00000000
0601D214
00000001
00000001
0601D040
0000002C
00000A00
00000000
00000000
00400000
8200000F
000001FF
00000000
02000000
00000081
00000018
0601D044
00000001
00000030
00000000
00000000
0601D21C
00000002
00000001
0601D060
0000002C
00002800
00000000
00000000
01000000
8200013F
0000000F
00000000
02000000
00000081
00000018
0601D064
00000000
00366000
00000000
00000000
0601D214
00000003
00000001
0601D080
0000002C
00000A00
00000000
00000000
00400000
8200000F
000001FF
00000000
02000000
00000081
00000018
0601D084
00000001
00000030
00000000
00000000
0601D21C
00000004
00000080
00000010
00000000
00010100
00000080
00000010
00010000
00010100
00000080
00000010
00020000
00010100
00000080
00000010
00030000
00010100
00000001
0001D100
0000002C
00000200
00000000
00000000
00400000
8800000F
00000000
001007FF
02000000
00000081
00000018
0001D104
00000002
0002C000
00000000
00000003
0001D200
00000F00
00000F00
00000000
0001D204
80010008
00000001
0001D120
0000002C
00002800
00000000
00000000
01000000
8200013F
0000000F
00000000
02000000
00000081
00000018
0001D124
00000000
00370000
00000000
00000000
0001D214
00000009
00000001
0001D140
0000002C
00000A00
00000000
00000000
00400000
8200000F
000001FF
00000000
02000000
00000081
00000018
0001D144
00000001
00000000
00000000
00000000
0001D21C
0000000A
00000001
0001D160
0000002C
00002800
00000000
00000000
01000000
8200013F
0000000F
00000000
02000000
00000081
00000018
0001D164
00000000
00398000
00000000
00000000
0001D214
0000000B
00000001
0001D180
0000002C
00000A00
00000000
00000000
00400000
8200000F
000001FF
00000000
02000000
00000081
00000018
0001D184
00000001
00000000
00000000
00000000
0001D21C
0000000C
00000001
0201D100
0000002C
00000200
00000000
00000000
00400000
8800000F
00000000
001007FF
02000000
00000081
00000018
0201D104
00000002
0002C010
00000000
00000003
0201D200
00000F00
00000F00
00000000
0201D204
80010008
00000001
0201D120
0000002C
00002800
00000000
00000000
01000000
8200013F
0000000F
00000000
02000000
00000081
00000018
0201D124
00000000
0037A000
00000000
00000000
0201D214
00000009
00000001
0201D140
0000002C
00000A00
00000000
00000000
00400000
8200000F
000001FF
00000000
02000000
00000081
00000018
0201D144
00000001
00000010
00000000
00000000
0201D21C
0000000A
00000001
0201D160
0000002C
00002800
00000000
00000000
01000000
8200013F
0000000F
00000000
02000000
00000081
00000018
0201D164
00000000
003A2000
00000000
00000000
0201D214
0000000B
00000001
0201D180
0000002C
00000A00
00000000
00000000
00400000
8200000F
000001FF
00000000
02000000
00000081
00000018
0201D184
00000001
00000010
00000000
00000000
0201D21C
0000000C
00000001
0401D100
0000002C
00000200
00000000
00000000
00400000
8800000F
00000000
001007FF
02000000
00000081
00000018
0401D104
00000002
0002C020
00000000
00000003
0401D200
00000F00
00000F00
00000000
0401D204
80010008
00000001
0401D120
0000002C
00002800
00000000
00000000
01000000
8200013F
0000000F
00000000
02000000
00000081
00000018
0401D124
00000000
00384000
00000000
00000000
0401D214
00000009
00000001
0401D140
0000002C
00000A00
00000000
00000000
00400000
8200000F
000001FF
00000000
02000000
00000081
00000018
0401D144
00000001
00000020
00000000
00000000
0401D21C
0000000A
00000001
0401D160
0000002C
00002800
00000000
00000000
01000000
8200013F
0000000F
00000000
02000000
00000081
00000018
0401D164
00000000
003AC000
00000000
00000000
0401D214
0000000B
00000001
0401D180
0000002C
00000A00
00000000
00000000
00400000
8200000F
000001FF
00000000
02000000
00000081
00000018
0401D184
00000001
00000020
00000000
00000000
0401D21C
0000000C
00000001
0601D100
0000002C
00000200
00000000
00000000
00400000
8800000F
00000000
001007FF
02000000
00000081
00000018
0601D104
00000002
0002C030
00000000
00000003
0601D200
00000F00
00000F00
00000000
0601D204
80010008
00000001
0601D120
0000002C
00002800
00000000
00000000
01000000
8200013F
0000000F
00000000
02000000
00000081
00000018
0601D124
00000000
0038E000
00000000
00000000
0601D214
00000009
00000001
0601D140
0000002C
00000A00
00000000
00000000
00400000
8200000F
000001FF
00000000
02000000
00000081
00000018
0601D144
00000001
00000030
00000000
00000000
0601D21C
0000000A
00000001
0601D160
0000002C
00002800
00000000
00000000
01000000
8200013F
0000000F
00000000
02000000
00000081
00000018
0601D164
00000000
003B6000
00000000
00000000
0601D214
0000000B
00000001
0601D180
0000002C
00000A00
00000000
00000000
00400000
8200000F
000001FF
00000000
02000000
00000081
00000018
0601D184
00000001
00000030
00000000
00000000
0601D21C
0000000C
00000080
00000010
00000000
00010100
00000080
00000010
00010000
00010100
00000080
00000010
00020000
00010100
00000080
00000010
00030000
00010100
00000001
0001D000
0000002C
00000200
00000000
00000000
00400000
8800000F
00000000
001007FF
02000000
00000081
00000018
0001D004
00000002
00030000
00000000
00000003
0001D200
00000F00
00000F00
00000000
0001D204
80010000
00000001
0001D020
0000002C
00002800
00000000
00000000
01000000
8200013F
0000000F
00000000
02000000
00000081
00000018
0001D024
00000000
003C0000
00000000
00000000
0001D214
00000001
00000001
0001D040
0000002C
00000A00
00000000
00000000
00400000
8200000F
000001FF
00000000
02000000
00000081
00000018
0001D044
00000001
00000000
00000000
00000000
0001D21C
00000002
00000001
0001D060
0000002C
00002800
00000000
00000000
01000000
8200013F
0000000F
00000000
02000000
00000081
00000018
0001D064
00000000
003E8000
00000000
00000000
0001D214
00000003
00000001
0001D080
0000002C
00000A00
00000000
00000000
00400000
8200000F
000001FF
00000000
02000000
00000081
00000018
0001D084
00000001
00000000
00000000
00000000
0001D21C
00000004
00000001
0201D000
0000002C
00000200
00000000
00000000
00400000
8800000F
00000000
001007FF
02000000
00000081
00000018
0201D004
00000002
00030010
00000000
00000003
0201D200
00000F00
00000F00
00000000
0201D204
80010000
00000001
0201D020
0000002C
00002800
00000000
00000000
01000000
8200013F
0000000F
00000000
02000000
00000081
00000018
0201D024
00000000
003CA000
00000000
00000000
0201D214
00000001
00000001
0201D040
0000002C
00000A00
00000000
00000000
00400000
8200000F
000001FF
00000000
02000000
00000081
00000018
0201D044
00000001
00000010
00000000
00000000
0201D21C
00000002
00000001
0201D060
0000002C
00002800
00000000
00000000
01000000
8200013F
0000000F
00000000
02000000
00000081
00000018
0201D064
00000000
003F2000
00000000
00000000
0201D214
00000003
00000001
0201D080
0000002C
00000A00
00000000
00000000
00400000
8200000F
000001FF
00000000
02000000
00000081
00000018
0201D084
00000001
00000010
00000000
00000000
0201D21C
00000004
00000001
0401D000
0000002C
00000200
00000000
00000000
00400000
8800000F
00000000
001007FF
02000000
00000081
00000018
0401D004
00000002
00030020
00000000
00000003
0401D200
00000F00
00000F00
00000000
0401D204
80010000
00000001
0401D020
0000002C
00002800
00000000
00000000
01000000
8200013F
0000000F
00000000
02000000
00000081
00000018
0401D024
00000000
003D4000
00000000
00000000
0401D214
00000001
00000001
0401D040
0000002C
00000A00
00000000
00000000
00400000
8200000F
000001FF
00000000
02000000
00000081
00000018
0401D044
00000001
00000020
00000000
00000000
0401D21C
00000002
00000001
0401D060
0000002C
00002800
00000000
00000000
01000000
8200013F
0000000F
00000000
02000000
00000081
00000018
0401D064
00000000
003FC000
00000000
00000000
0401D214
00000003
00000001
0401D080
0000002C
00000A00
00000000
00000000
00400000
8200000F
000001FF
00000000
02000000
00000081
00000018
0401D084
00000001
00000020
00000000
00000000
0401D21C
00000004
00000001
0601D000
0000002C
00000200
00000000
00000000
00400000
8800000F
00000000
001007FF
02000000
00000081
00000018
0601D004
00000002
00030030
00000000
00000003
0601D200
00000F00
00000F00
00000000
0601D204
80010000
00000001
0601D020
0000002C
00002800
00000000
00000000
01000000
8200013F
0000000F
00000000
02000000
00000081
00000018
0601D024
00000000
003DE000
00000000
00000000
0601D214
00000001
00000001
0601D040
0000002C
00000A00
00000000
00000000
00400000
8200000F
000001FF
00000000
02000000
00000081
00000018
0601D044
00000001
00000030
00000000
00000000
0601D21C
00000002
00000001
0601D060
0000002C
00002800
00000000
00000000
01000000
8200013F
0000000F
00000000
02000000
00000081
00000018
0601D064
00000000
00406000
00000000
00000000
0601D214
00000003
00000001
0601D080
0000002C
00000A00
00000000
00000000
00400000
8200000F
000001FF
00000000
02000000
00000081
00000018
0601D084
00000001
00000030
00000000
00000000
0601D21C
00000004
00000080
00000010
00000000
00010100
00000080
00000010
00010000
00010100
00000080
00000010
00020000
00010100
00000080
00000010
00030000
00010100
00000001
0001D100
0000002C
00000200
00000000
00000000
00400000
8800000F
00000000
001007FF
02000000
00000081
00000018
0001D104
00000002
00034000
00000000
00000003
0001D200
00000F00
00000F00
00000000
0001D204
80010008
00000001
0001D120
0000002C
00002800
00000000
00000000
01000000
8200013F
0000000F
00000000
02000000
00000081
00000018
0001D124
00000000
00410000
00000000
00000000
0001D214
00000009
00000001
0001D140
0000002C
00000A00
00000000
00000000
00400000
8200000F
000001FF
00000000
02000000
00000081
00000018
0001D144
00000001
00000000
00000000
00000000
0001D21C
0000000A
00000001
0001D160
0000002C
00002800
00000000
00000000
01000000
8200013F
0000000F
00000000
02000000
00000081
00000018
0001D164
00000000
00438000
00000000
00000000
0001D214
0000000B
00000001
0001D180
0000002C
00000A00
00000000
00000000
00400000
8200000F
000001FF
00000000
02000000
00000081
00000018
0001D184
00000001
00000000
00000000
00000000
0001D21C
0000000C
00000001
0201D100
0000002C
00000200
00000000
00000000
00400000
8800000F
00000000
001007FF
02000000
00000081
00000018
0201D104
00000002
00034010
00000000
00000003
0201D200
00000F00
00000F00
00000000
0201D204
80010008
00000001
0201D120
0000002C
00002800
00000000
00000000
01000000
8200013F
0000000F
00000000
02000000
00000081
00000018
0201D124
00000000
0041A000
00000000
00000000
0201D214
00000009
00000001
0201D140
0000002C
00000A00
00000000
00000000
00400000
8200000F
000001FF
00000000
02000000
00000081
00000018
0201D144
00000001
00000010
00000000
00000000
0201D21C
0000000A
00000001
0201D160
0000002C
00002800
00000000
00000000
01000000
8200013F
0000000F
00000000
02000000
00000081
00000018
0201D164
00000000
00442000
00000000
00000000
0201D214
0000000B
00000001
0201D180
0000002C
00000A00
00000000
00000000
00400000
8200000F
000001FF
00000000
02000000
00000081
00000018
0201D184
00000001
00000010
00000000
00000000
0201D21C
0000000C
00000001
0401D100
0000002C
00000200
00000000
00000000
00400000
8800000F
00000000
001007FF
02000000
00000081
00000018
0401D104
00000002
00034020
00000000
00000003
0401D200
00000F00
00000F00
00000000
0401D204
80010008
00000001
0401D120
0000002C
00002800
00000000
00000000
01000000
8200013F
0000000F
00000000
02000000
00000081
00000018
0401D124
00000000
00424000
00000000
00000000
0401D214
00000009
00000001
0401D140
0000002C
00000A00
00000000
00000000
00400000
8200000F
000001FF
00000000
02000000
00000081
00000018
0401D144
00000001
00000020
00000000
00000000
0401D21C
0000000A
00000001
0401D160
0000002C
00002800
00000000
00000000
01000000
8200013F
0000000F
00000000
02000000
00000081
00000018
0401D164
00000000
0044C000
00000000
00000000
0401D214
0000000B
00000001
0401D180
0000002C
00000A00
00000000
00000000
00400000
8200000F
000001FF
00000000
02000000
00000081
00000018
0401D184
00000001
00000020
00000000
00000000
0401D21C
0000000C
00000001
0601D100
0000002C
00000200
00000000
00000000
00400000
8800000F
00000000
001007FF
02000000
00000081
00000018
0601D104
00000002
00034030
00000000
00000003
0601D200
00000F00
00000F00
00000000
0601D204
80010008
00000001
0601D120
0000002C
00002800
00000000
00000000
01000000
8200013F
0000000F
00000000
02000000
00000081
00000018
0601D124
00000000
0042E000
00000000
00000000
0601D214
00000009
00000001
0601D140
0000002C
00000A00
00000000
00000000
00400000
8200000F
000001FF
00000000
02000000
00000081
00000018
0601D144
00000001
00000030
00000000
00000000
0601D21C
0000000A
00000001
0601D160
0000002C
00002800
00000000
00000000
01000000
8200013F
0000000F
00000000
02000000
00000081
00000018
0601D164
00000000
00456000
00000000
00000000
0601D214
0000000B
00000001
0601D180
0000002C
00000A00
00000000
00000000
00400000
8200000F
000001FF
00000000
02000000
00000081
00000018
0601D184
00000001
00000030
00000000
00000000
0601D21C
0000000C
00000080
00000010
00000000
00010100
00000080
00000010
00010000
00010100
00000080
00000010
00020000
00010100
00000080
00000010
00030000
00010100
00000001
0001D000
0000002C
00000200
00000000
00000000
00400000
8800000F
00000000
001007FF
02000000
00000081
00000018
0001D004
00000002
00038000
00000000
00000003
0001D200
00000F00
00000F00
00000000
0001D204
80010000
00000001
0001D020
0000002C
00002800
00000000
00000000
01000000
8200013F
0000000F
00000000
02000000
00000081
00000018
0001D024
00000000
00460000
00000000
00000000
0001D214
00000001
00000001
0001D040
0000002C
00000A00
00000000
00000000
00400000
8200000F
000001FF
00000000
02000000
00000081
00000018
0001D044
00000001
00000000
00000000
00000000
0001D21C
00000002
00000001
0001D060
0000002C
00002800
00000000
00000000
01000000
8200013F
0000000F
00000000
02000000
00000081
00000018
0001D064
00000000
00488000
00000000
00000000
0001D214
00000003
00000001
0001D080
0000002C
00000A00
00000000
00000000
00400000
8200000F
000001FF
00000000
02000000
00000081
00000018
0001D084
00000001
00000000
00000000
00000000
0001D21C
00000004
00000001
0201D000
0000002C
00000200
00000000
00000000
00400000
8800000F
00000000
001007FF
02000000
00000081
00000018
0201D004
00000002
00038010
00000000
00000003
0201D200
00000F00
00000F00
00000000
0201D204
80010000
00000001
0201D020
0000002C
00002800
00000000
00000000
01000000
8200013F
0000000F
00000000
02000000
00000081
00000018
0201D024
00000000
0046A000
00000000
00000000
0201D214
00000001
00000001
0201D040
0000002C
00000A00
00000000
00000000
00400000
8200000F
000001FF
00000000
02000000
00000081
00000018
0201D044
00000001
00000010
00000000
00000000
0201D21C
00000002
00000001
0201D060
0000002C
00002800
00000000
00000000
01000000
8200013F
0000000F
00000000
02000000
00000081
00000018
0201D064
00000000
00492000
00000000
00000000
0201D214
00000003
00000001
0201D080
0000002C
00000A00
00000000
00000000
00400000
8200000F
000001FF
00000000
02000000
00000081
00000018
0201D084
00000001
00000010
00000000
00000000
0201D21C
00000004
00000001
0401D000
0000002C
00000200
00000000
00000000
00400000
8800000F
00000000
001007FF
02000000
00000081
00000018
0401D004
00000002
00038020
00000000
00000003
0401D200
00000F00
00000F00
00000000
0401D204
80010000
00000001
0401D020
0000002C
00002800
00000000
00000000
01000000
8200013F
0000000F
00000000
02000000
00000081
00000018
0401D024
00000000
00474000
00000000
00000000
0401D214
00000001
00000001
0401D040
0000002C
00000A00
00000000
00000000
00400000
8200000F
000001FF
00000000
02000000
00000081
00000018
0401D044
00000001
00000020
00000000
00000000
0401D21C
00000002
00000001
0401D060
0000002C
00002800
00000000
00000000
01000000
8200013F
0000000F
00000000
02000000
00000081
00000018
0401D064
00000000
0049C000
00000000
00000000
0401D214
00000003
00000001
0401D080
0000002C
00000A00
00000000
00000000
00400000
8200000F
000001FF
00000000
02000000
00000081
00000018
0401D084
00000001
00000020
00000000
00000000
0401D21C
00000004
00000001
0601D000
0000002C
00000200
00000000
00000000
00400000
8800000F
00000000
001007FF
02000000
00000081
00000018
0601D004
00000002
00038030
00000000
00000003
0601D200
00000F00
00000F00
00000000
0601D204
80010000
00000001
0601D020
0000002C
00002800
00000000
00000000
01000000
8200013F
0000000F
00000000
02000000
00000081
00000018
0601D024
00000000
0047E000
00000000
00000000
0601D214
00000001
00000001
0601D040
0000002C
00000A00
00000000
00000000
00400000
8200000F
000001FF
00000000
02000000
00000081
00000018
0601D044
00000001
00000030
00000000
00000000
0601D21C
00000002
00000001
0601D060
0000002C
00002800
00000000
00000000
01000000
8200013F
0000000F
00000000
02000000
00000081
00000018
0601D064
00000000
004A6000
00000000
00000000
0601D214
00000003
00000001
0601D080
0000002C
00000A00
00000000
00000000
00400000
8200000F
000001FF
00000000
02000000
00000081
00000018
0601D084
00000001
00000030
00000000
00000000
0601D21C
00000004
00000080
00000010
00000000
00010100
00000080
00000010
00010000
00010100
00000080
00000010
00020000
00010100
00000080
00000010
00030000
00010100
00000001
0001D100
0000002C
00000200
00000000
00000000
00400000
8800000F
00000000
001007FF
02000000
00000081
00000018
0001D104
00000002
0003C000
00000000
00000003
0001D200
00000F00
00000F00
00000000
0001D204
80010008
00000001
0001D120
0000002C
00002800
00000000
00000000
01000000
8200013F
0000000F
00000000
02000000
00000081
00000018
0001D124
00000000
004B0000
00000000
00000000
0001D214
00000009
00000001
0001D140
0000002C
00000A00
00000000
00000000
00400000
8200000F
000001FF
00000000
02000000
00000081
00000018
0001D144
00000001
00000000
00000000
00000000
0001D21C
0000000A
00000001
0001D160
0000002C
00002800
00000000
00000000
01000000
8200013F
0000000F
00000000
02000000
00000081
00000018
0001D164
00000000
004D8000
00000000
00000000
0001D214
0000000B
00000001
0001D180
0000002C
00000A00
00000000
00000000
00400000
8200000F
000001FF
00000000
02000000
00000081
00000018
0001D184
00000001
00000000
00000000
00000000
0001D21C
0000000C
00000001
0201D100
0000002C
00000200
00000000
00000000
00400000
8800000F
00000000
001007FF
02000000
00000081
00000018
0201D104
00000002
0003C010
00000000
00000003
0201D200
00000F00
00000F00
00000000
0201D204
80010008
00000001
0201D120
0000002C
00002800
00000000
00000000
01000000
8200013F
0000000F
00000000
02000000
00000081
00000018
0201D124
00000000
004BA000
00000000
00000000
0201D214
00000009
00000001
0201D140
0000002C
00000A00
00000000
00000000
00400000
8200000F
000001FF
00000000
02000000
00000081
00000018
0201D144
00000001
00000010
00000000
00000000
0201D21C
0000000A
00000001
0201D160
0000002C
00002800
00000000
00000000
01000000
8200013F
0000000F
00000000
02000000
00000081
00000018
0201D164
00000000
004E2000
00000000
00000000
0201D214
0000000B
00000001
0201D180
0000002C
00000A00
00000000
00000000
00400000
8200000F
000001FF
00000000
02000000
00000081
00000018
0201D184
00000001
00000010
00000000
00000000
0201D21C
0000000C
00000001
0401D100
0000002C
00000200
00000000
00000000
00400000
8800000F
00000000
001007FF
02000000
00000081
00000018
0401D104
00000002
0003C020
00000000
00000003
0401D200
00000F00
00000F00
00000000
0401D204
80010008
00000001
0401D120
0000002C
00002800
00000000
00000000
01000000
8200013F
0000000F
00000000
02000000
00000081
00000018
0401D124
00000000
004C4000
00000000
00000000
0401D214
00000009
00000001
0401D140
0000002C
00000A00
00000000
00000000
00400000
8200000F
000001FF
00000000
02000000
00000081
00000018
0401D144
00000001
00000020
00000000
00000000
0401D21C
0000000A
00000001
0401D160
0000002C
00002800
00000000
00000000
01000000
8200013F
0000000F
00000000
02000000
00000081
00000018
0401D164
00000000
004EC000
00000000
00000000
0401D214
0000000B
00000001
0401D180
0000002C
00000A00
00000000
00000000
00400000
8200000F
000001FF
00000000
02000000
00000081
00000018
0401D184
00000001
00000020
00000000
00000000
0401D21C
0000000C
00000001
0601D100
0000002C
00000200
00000000
00000000
00400000
8800000F
00000000
001007FF
02000000
00000081
00000018
0601D104
00000002
0003C030
00000000
00000003
0601D200
00000F00
00000F00
00000000
0601D204
80010008
00000001
0601D120
0000002C
00002800
00000000
00000000
01000000
8200013F
0000000F
00000000
02000000
00000081
00000018
0601D124
00000000
004CE000
00000000
00000000
0601D214
00000009
00000001
0601D140
0000002C
00000A00
00000000
00000000
00400000
8200000F
000001FF
00000000
02000000
00000081
00000018
0601D144
00000001
00000030
00000000
00000000
0601D21C
0000000A
00000001
0601D160
0000002C
00002800
00000000
00000000
01000000
8200013F
0000000F
00000000
02000000
00000081
00000018
0601D164
00000000
004F6000
00000000
00000000
0601D214
0000000B
00000001
0601D180
0000002C
00000A00
00000000
00000000
00400000
8200000F
000001FF
00000000
02000000
00000081
00000018
0601D184
00000001
00000030
00000000
00000000
0601D21C
0000000C
00000080
00000010
00000000
00010100
00000080
00000010
00010000
00010100
00000080
00000010
00020000
00010100
00000080
00000010
00030000
00010100
00000001
0001D000
0000002C
00000200
00000000
00000000
00400000
8800000F
00000000
001007FF
02000000
00000081
00000018
0001D004
00000002
00040000
00000000
00000003
0001D200
00000F00
00000F00
00000000
0001D204
80010000
00000001
0001D020
0000002C
00002800
00000000
00000000
01000000
8200013F
0000000F
00000000
02000000
00000081
00000018
0001D024
00000000
00500000
00000000
00000000
0001D214
00000001
00000001
0001D040
0000002C
00000A00
00000000
00000000
00400000
8200000F
000001FF
00000000
02000000
00000081
00000018
0001D044
00000001
00000000
00000000
00000000
0001D21C
00000002
00000001
0001D060
0000002C
00002800
00000000
00000000
01000000
8200013F
0000000F
00000000
02000000
00000081
00000018
0001D064
00000000
00528000
00000000
00000000
0001D214
00000003
00000001
0001D080
0000002C
00000A00
00000000
00000000
00400000
8200000F
000001FF
00000000
02000000
00000081
00000018
0001D084
00000001
00000000
00000000
00000000
0001D21C
00000004
00000001
0201D000
0000002C
00000200
00000000
00000000
00400000
8800000F
00000000
001007FF
02000000
00000081
00000018
0201D004
00000002
00040010
00000000
00000003
0201D200
00000F00
00000F00
00000000
0201D204
80010000
00000001
0201D020
0000002C
00002800
00000000
00000000
01000000
8200013F
0000000F
00000000
02000000
00000081
00000018
0201D024
00000000
0050A000
00000000
00000000
0201D214
00000001
00000001
0201D040
0000002C
00000A00
00000000
00000000
00400000
8200000F
000001FF
00000000
02000000
00000081
00000018
0201D044
00000001
00000010
00000000
00000000
0201D21C
00000002
00000001
0201D060
0000002C
00002800
00000000
00000000
01000000
8200013F
0000000F
00000000
02000000
00000081
00000018
0201D064
00000000
00532000
00000000
00000000
0201D214
00000003
00000001
0201D080
0000002C
00000A00
00000000
00000000
00400000
8200000F
000001FF
00000000
02000000
00000081
00000018
0201D084
00000001
00000010
00000000
00000000
0201D21C
00000004
00000001
0401D000
0000002C
00000200
00000000
00000000
00400000
8800000F
00000000
001007FF
02000000
00000081
00000018
0401D004
00000002
00040020
00000000
00000003
0401D200
00000F00
00000F00
00000000
0401D204
80010000
00000001
0401D020
0000002C
00002800
00000000
00000000
01000000
8200013F
0000000F
00000000
02000000
00000081
00000018
0401D024
00000000
00514000
00000000
00000000
0401D214
00000001
00000001
0401D040
0000002C
00000A00
00000000
00000000
00400000
8200000F
000001FF
00000000
02000000
00000081
00000018
0401D044
00000001
00000020
00000000
00000000
0401D21C
00000002
00000001
0401D060
0000002C
00002800
00000000
00000000
01000000
8200013F
0000000F
00000000
02000000
00000081
00000018
0401D064
00000000
0053C000
00000000
00000000
0401D214
00000003
00000001
0401D080
0000002C
00000A00
00000000
00000000
00400000
8200000F
000001FF
00000000
02000000
00000081
00000018
0401D084
00000001
00000020
00000000
00000000
0401D21C
00000004
00000001
0601D000
0000002C
00000200
00000000
00000000
00400000
8800000F
00000000
001007FF
02000000
00000081
00000018
0601D004
00000002
00040030
00000000
00000003
0601D200
00000F00
00000F00
00000000
0601D204
80010000
00000001
0601D020
0000002C
00002800
00000000
00000000
01000000
8200013F
0000000F
00000000
02000000
00000081
00000018
0601D024
00000000
0051E000
00000000
00000000
0601D214
00000001
00000001
0601D040
0000002C
00000A00
00000000
00000000
00400000
8200000F
000001FF
00000000
02000000
00000081
00000018
0601D044
00000001
00000030
00000000
00000000
0601D21C
00000002
00000001
0601D060
0000002C
00002800
00000000
00000000
01000000
8200013F
0000000F
00000000
02000000
00000081
00000018
0601D064
00000000
00546000
00000000
00000000
0601D214
00000003
00000001
0601D080
0000002C
00000A00
00000000
00000000
00400000
8200000F
000001FF
00000000
02000000
00000081
00000018
0601D084
00000001
00000030
00000000
00000000
0601D21C
00000004
00000080
00000010
00000000
00010100
00000080
00000010
00010000
00010100
00000080
00000010
00020000
00010100
00000080
00000010
00030000
00010100
00000001
0001D100
0000002C
00000200
00000000
00000000
00400000
8800000F
00000000
001007FF
02000000
00000081
00000018
0001D104
00000002
00044000
00000000
00000003
0001D200
00000F00
00000F00
00000000
0001D204
80010008
00000001
0001D120
0000002C
00002800
00000000
00000000
01000000
8200013F
0000000F
00000000
02000000
00000081
00000018
0001D124
00000000
00550000
00000000
00000000
0001D214
00000009
00000001
0001D140
0000002C
00000A00
00000000
00000000
00400000
8200000F
000001FF
00000000
02000000
00000081
00000018
0001D144
00000001
00000000
00000000
00000000
0001D21C
0000000A
00000001
0001D160
0000002C
00002800
00000000
00000000
01000000
8200013F
0000000F
00000000
02000000
00000081
00000018
0001D164
00000000
00578000
00000000
00000000
0001D214
0000000B
00000001
0001D180
0000002C
00000A00
00000000
00000000
00400000
8200000F
000001FF
00000000
02000000
00000081
00000018
0001D184
00000001
00000000
00000000
00000000
0001D21C
0000000C
00000001
0201D100
0000002C
00000200
00000000
00000000
00400000
8800000F
00000000
001007FF
02000000
00000081
00000018
0201D104
00000002
00044010
00000000
00000003
0201D200
00000F00
00000F00
00000000
0201D204
80010008
00000001
0201D120
0000002C
00002800
00000000
00000000
01000000
8200013F
0000000F
00000000
02000000
00000081
00000018
0201D124
00000000
0055A000
00000000
00000000
0201D214
00000009
00000001
0201D140
0000002C
00000A00
00000000
00000000
00400000
8200000F
000001FF
00000000
02000000
00000081
00000018
0201D144
00000001
00000010
00000000
00000000
0201D21C
0000000A
00000001
0201D160
0000002C
00002800
00000000
00000000
01000000
8200013F
0000000F
00000000
02000000
00000081
00000018
0201D164
00000000
00582000
00000000
00000000
0201D214
0000000B
00000001
0201D180
0000002C
00000A00
00000000
00000000
00400000
8200000F
000001FF
00000000
02000000
00000081
00000018
0201D184
00000001
00000010
00000000
00000000
0201D21C
0000000C
00000001
0401D100
0000002C
00000200
00000000
00000000
00400000
8800000F
00000000
001007FF
02000000
00000081
00000018
0401D104
00000002
00044020
00000000
00000003
0401D200
00000F00
00000F00
00000000
0401D204
80010008
00000001
0401D120
0000002C
00002800
00000000
00000000
01000000
8200013F
0000000F
00000000
02000000
00000081
00000018
0401D124
00000000
00564000
00000000
00000000
0401D214
00000009
00000001
0401D140
0000002C
00000A00
00000000
00000000
00400000
8200000F
000001FF
00000000
02000000
00000081
00000018
0401D144
00000001
00000020
00000000
00000000
0401D21C
0000000A
00000001
0401D160
0000002C
00002800
00000000
00000000
01000000
8200013F
0000000F
00000000
02000000
00000081
00000018
0401D164
00000000
0058C000
00000000
00000000
0401D214
0000000B
00000001
0401D180
0000002C
00000A00
00000000
00000000
00400000
8200000F
000001FF
00000000
02000000
00000081
00000018
0401D184
00000001
00000020
00000000
00000000
0401D21C
0000000C
00000001
0601D100
0000002C
00000200
00000000
00000000
00400000
8800000F
00000000
001007FF
02000000
00000081
00000018
0601D104
00000002
00044030
00000000
00000003
0601D200
00000F00
00000F00
00000000
0601D204
80010008
00000001
0601D120
0000002C
00002800
00000000
00000000
01000000
8200013F
0000000F
00000000
02000000
00000081
00000018
0601D124
00000000
0056E000
00000000
00000000
0601D214
00000009
00000001
0601D140
0000002C
00000A00
00000000
00000000
00400000
8200000F
000001FF
00000000
02000000
00000081
00000018
0601D144
00000001
00000030
00000000
00000000
0601D21C
0000000A
00000001
0601D160
0000002C
00002800
00000000
00000000
01000000
8200013F
0000000F
00000000
02000000
00000081
00000018
0601D164
00000000
00596000
00000000
00000000
0601D214
0000000B
00000001
0601D180
0000002C
00000A00
00000000
00000000
00400000
8200000F
000001FF
00000000
02000000
00000081
00000018
0601D184
00000001
00000030
00000000
00000000
0601D21C
0000000C
00000080
00000010
00000000
00010100
00000080
00000010
00010000
00010100
00000080
00000010
00020000
00010100
00000080
00000010
00030000
00010100
00000001
0001D000
0000002C
00000200
00000000
00000000
00400000
8800000F
00000000
001007FF
02000000
00000081
00000018
0001D004
00000002
00048000
00000000
00000003
0001D200
00000F00
00000F00
00000000
0001D204
80010000
00000001
0001D020
0000002C
00002800
00000000
00000000
01000000
8200013F
0000000F
00000000
02000000
00000081
00000018
0001D024
00000000
005A0000
00000000
00000000
0001D214
00000001
00000001
0001D040
0000002C
00000A00
00000000
00000000
00400000
8200000F
000001FF
00000000
02000000
00000081
00000018
0001D044
00000001
00000000
00000000
00000000
0001D21C
00000002
00000001
0001D060
0000002C
00002800
00000000
00000000
01000000
8200013F
0000000F
00000000
02000000
00000081
00000018
0001D064
00000000
005C8000
00000000
00000000
0001D214
00000003
00000001
0001D080
0000002C
00000A00
00000000
00000000
00400000
8200000F
000001FF
00000000
02000000
00000081
00000018
0001D084
00000001
00000000
00000000
00000000
0001D21C
00000004
00000001
0201D000
0000002C
00000200
00000000
00000000
00400000
8800000F
00000000
001007FF
02000000
00000081
00000018
0201D004
00000002
00048010
00000000
00000003
0201D200
00000F00
00000F00
00000000
0201D204
80010000
00000001
0201D020
0000002C
00002800
00000000
00000000
01000000
8200013F
0000000F
00000000
02000000
00000081
00000018
0201D024
00000000
005AA000
00000000
00000000
0201D214
00000001
00000001
0201D040
0000002C
00000A00
00000000
00000000
00400000
8200000F
000001FF
00000000
02000000
00000081
00000018
0201D044
00000001
00000010
00000000
00000000
0201D21C
00000002
00000001
0201D060
0000002C
00002800
00000000
00000000
01000000
8200013F
0000000F
00000000
02000000
00000081
00000018
0201D064
00000000
005D2000
00000000
00000000
0201D214
00000003
00000001
0201D080
0000002C
00000A00
00000000
00000000
00400000
8200000F
000001FF
00000000
02000000
00000081
00000018
0201D084
00000001
00000010
00000000
00000000
0201D21C
00000004
00000001
0401D000
0000002C
00000200
00000000
00000000
00400000
8800000F
00000000
001007FF
02000000
00000081
00000018
0401D004
00000002
00048020
00000000
00000003
0401D200
00000F00
00000F00
00000000
0401D204
80010000
00000001
0401D020
0000002C
00002800
00000000
00000000
01000000
8200013F
0000000F
00000000
02000000
00000081
00000018
0401D024
00000000
005B4000
00000000
00000000
0401D214
00000001
00000001
0401D040
0000002C
00000A00
00000000
00000000
00400000
8200000F
000001FF
00000000
02000000
00000081
00000018
0401D044
00000001
00000020
00000000
00000000
0401D21C
00000002
00000001
0401D060
0000002C
00002800
00000000
00000000
01000000
8200013F
0000000F
00000000
02000000
00000081
00000018
0401D064
00000000
005DC000
00000000
00000000
0401D214
00000003
00000001
0401D080
0000002C
00000A00
00000000
00000000
00400000
8200000F
000001FF
00000000
02000000
00000081
00000018
0401D084
00000001
00000020
00000000
00000000
0401D21C
00000004
00000001
0601D000
0000002C
00000200
00000000
00000000
00400000
8800000F
00000000
001007FF
02000000
00000081
00000018
0601D004
00000002
00048030
00000000
00000003
0601D200
00000F00
00000F00
00000000
0601D204
80010000
00000001
0601D020
0000002C
00002800
00000000
00000000
01000000
8200013F
0000000F
00000000
02000000
00000081
00000018
0601D024
00000000
005BE000
00000000
00000000
0601D214
00000001
00000001
0601D040
0000002C
00000A00
00000000
00000000
00400000
8200000F
000001FF
00000000
02000000
00000081
00000018
0601D044
00000001
00000030
00000000
00000000
0601D21C
00000002
00000001
0601D060
0000002C
00002800
00000000
00000000
01000000
8200013F
0000000F
00000000
02000000
00000081
00000018
0601D064
00000000
005E6000
00000000
00000000
0601D214
00000003
00000001
0601D080
0000002C
00000A00
00000000
00000000
00400000
8200000F
000001FF
00000000
02000000
00000081
00000018
0601D084
00000001
00000030
00000000
00000000
0601D21C
00000004
00000080
00000010
00000000
00010100
00000080
00000010
00010000
00010100
00000080
00000010
00020000
00010100
00000080
00000010
00030000
00010100
00000001
0001D100
0000002C
00000200
00000000
00000000
00400000
8800000F
00000000
001007FF
02000000
00000081
00000018
0001D104
00000002
0004C000
00000000
00000003
0001D200
00000F00
00000F00
00000000
0001D204
80010008
00000001
0001D120
0000002C
00002800
00000000
00000000
01000000
8200013F
0000000F
00000000
02000000
00000081
00000018
0001D124
00000000
005F0000
00000000
00000000
0001D214
00000009
00000001
0001D140
0000002C
00000A00
00000000
00000000
00400000
8200000F
000001FF
00000000
02000000
00000081
00000018
0001D144
00000001
00000000
00000000
00000000
0001D21C
0000000A
00000001
0001D160
0000002C
00002800
00000000
00000000
01000000
8200013F
0000000F
00000000
02000000
00000081
00000018
0001D164
00000000
00618000
00000000
00000000
0001D214
0000000B
00000001
0001D180
0000002C
00000A00
00000000
00000000
00400000
8200000F
000001FF
00000000
02000000
00000081
00000018
0001D184
00000001
00000000
00000000
00000000
0001D21C
0000000C
00000001
0201D100
0000002C
00000200
00000000
00000000
00400000
8800000F
00000000
001007FF
02000000
00000081
00000018
0201D104
00000002
0004C010
00000000
00000003
0201D200
00000F00
00000F00
00000000
0201D204
80010008
00000001
0201D120
0000002C
00002800
00000000
00000000
01000000
8200013F
0000000F
00000000
02000000
00000081
00000018
0201D124
00000000
005FA000
00000000
00000000
0201D214
00000009
00000001
0201D140
0000002C
00000A00
00000000
00000000
00400000
8200000F
000001FF
00000000
02000000
00000081
00000018
0201D144
00000001
00000010
00000000
00000000
0201D21C
0000000A
00000001
0201D160
0000002C
00002800
00000000
00000000
01000000
8200013F
0000000F
00000000
02000000
00000081
00000018
0201D164
00000000
00622000
00000000
00000000
0201D214
0000000B
00000001
0201D180
0000002C
00000A00
00000000
00000000
00400000
8200000F
000001FF
00000000
02000000
00000081
00000018
0201D184
00000001
00000010
00000000
00000000
0201D21C
0000000C
00000001
0401D100
0000002C
00000200
00000000
00000000
00400000
8800000F
00000000
001007FF
02000000
00000081
00000018
0401D104
00000002
0004C020
00000000
00000003
0401D200
00000F00
00000F00
00000000
0401D204
80010008
00000001
0401D120
0000002C
00002800
00000000
00000000
01000000
8200013F
0000000F
00000000
02000000
00000081
00000018
0401D124
00000000
00604000
00000000
00000000
0401D214
00000009
00000001
0401D140
0000002C
00000A00
00000000
00000000
00400000
8200000F
000001FF
00000000
02000000
00000081
00000018
0401D144
00000001
00000020
00000000
00000000
0401D21C
0000000A
00000001
0401D160
0000002C
00002800
00000000
00000000
01000000
8200013F
0000000F
00000000
02000000
00000081
00000018
0401D164
00000000
0062C000
00000000
00000000
0401D214
0000000B
00000001
0401D180
0000002C
00000A00
00000000
00000000
00400000
8200000F
000001FF
00000000
02000000
00000081
00000018
0401D184
00000001
00000020
00000000
00000000
0401D21C
0000000C
00000001
0601D100
0000002C
00000200
00000000
00000000
00400000
8800000F
00000000
001007FF
02000000
00000081
00000018
0601D104
00000002
0004C030
00000000
00000003
0601D200
00000F00
00000F00
00000000
0601D204
80010008
00000001
0601D120
0000002C
00002800
00000000
00000000
01000000
8200013F
0000000F
00000000
02000000
00000081
00000018
0601D124
00000000
0060E000
00000000
00000000
0601D214
00000009
00000001
0601D140
0000002C
00000A00
00000000
00000000
00400000
8200000F
000001FF
00000000
02000000
00000081
00000018
0601D144
00000001
00000030
00000000
00000000
0601D21C
0000000A
00000001
0601D160
0000002C
00002800
00000000
00000000
01000000
8200013F
0000000F
00000000
02000000
00000081
00000018
0601D164
00000000
00636000
00000000
00000000
0601D214
0000000B
00000001
0601D180
0000002C
00000A00
00000000
00000000
00400000
8200000F
000001FF
00000000
02000000
00000081
00000018
0601D184
00000001
00000030
00000000
00000000
0601D21C
0000000C
00000080
00000010
00000000
00010100
00000080
00000010
00010000
00010100
00000080
00000010
00020000
00010100
00000080
00000010
00030000
00010100
00000080
00000010
00000000
00010100
00000080
00000010
00010000
00010100
00000080
00000010
00020000
00010100
00000080
00000010
00030000
00010100
